MOTA2
15 15
13
15
15
6 6 6 6 6 6 6 6 6 6 6 6 6 6 6
6 6 6 6 6 6 6 6 6 6 6 6 6 6 6
6 6 6 6 6 6 6 6 6 6 6 6 6 6 6
6 6 6 6 6 6 6 6 6 6 6 6 6 6 6
6 1 1 1 1 1 1 1 1 1 1 1 1 1 6
6 1 2 2 2 2 2 2 2 2 2 2 2 1 6
6 1 2 2 2 2 2 2 2 2 2 2 2 1 6
6 1 4 2 2 2 2 5 2 2 2 2 11 1 6
6 1 2 2 2 2 2 2 2 2 2 2 2 1 6
6 1 2 2 2 2 2 2 2 2 2 2 2 1 6
6 1 2 2 2 2 2 2 2 2 2 2 2 1 6
6 1 2 2 2 2 2 2 2 2 2 2 2 1 6
6 1 2 2 2 2 2 2 2 2 2 2 2 1 6
6 1 1 1 1 1 1 1 1 1 1 1 1 1 6
6 6 6 6 6 6 6 6 6 6 6 6 6 6 6
95
14 14 Weapon 5
13 14 Weapon 5
12 14 Weapon 5
11 14 Weapon 5
10 14 Weapon 5
9 14 Weapon 5
8 14 Weapon 5
5 14 Weapon 5
4 14 Weapon 5
3 14 Weapon 5
2 14 Weapon 5
1 14 Weapon 5
0 14 Weapon 5
14 13 Weapon 5
0 13 Weapon 5
14 12 Weapon 5
0 8 Weapon 5
14 7 Weapon 5
0 7 Weapon 5
14 6 Weapon 5
7 14 Weapon 5
0 6 Weapon 5
6 14 Weapon 5
14 5 Weapon 5
0 5 Weapon 5
14 4 Weapon 5
0 4 Weapon 5
14 3 Armor 3
13 1 Weapon 5
12 1 Weapon 5
11 1 Weapon 5
10 1 Weapon 5
9 1 Weapon 5
0 10 Weapon 5
8 1 Weapon 5
14 9 Weapon 5
7 1 Weapon 5
6 1 Weapon 5
5 1 Weapon 5
4 1 Weapon 5
3 1 Weapon 5
2 1 Weapon 5
1 1 Weapon 5
0 1 Armor 3
14 0 Armor 3
13 0 Armor 3
0 0 Armor 3
1 0 Armor 3
2 0 Armor 3
3 0 Armor 3
4 0 Armor 3
5 0 Armor 3
6 0 Armor 3
14 8 Weapon 5
7 0 Armor 3
0 9 Weapon 5
8 0 Armor 3
9 0 Armor 3
10 0 Armor 3
11 0 Armor 3
12 0 Armor 3
14 1 Armor 3
0 2 Armor 3
1 2 Weapon 5
2 2 Weapon 5
3 2 Weapon 5
4 2 Weapon 5
5 2 Weapon 5
6 2 Weapon 5
14 10 Weapon 5
7 2 Weapon 5
0 11 Weapon 5
8 2 Weapon 5
9 2 Weapon 5
10 2 Weapon 5
11 2 Weapon 5
12 2 Weapon 5
13 2 Weapon 5
14 2 Armor 3
0 3 Armor 3
1 3 Armor 3
2 3 Armor 3
3 3 Armor 3
4 3 Armor 3
5 3 Armor 3
6 3 Armor 3
14 11 Weapon 5
7 3 Armor 3
0 12 Weapon 5
8 3 Armor 3
9 3 Armor 3
10 3 Armor 3
11 3 Armor 3
12 3 Armor 3
13 3 Armor 3
1
112 长崎素世 69696 969 400 2000
0
14
1 1 1 1 1 1 1 1 1 1 1 1 1 1 1
1 1 1 1 1 1 1 1 1 1 1 1 1 1 1
1 1 8 7 7 7 7 7 6 1 6 6 6 1 1
1 1 8 1 1 1 1 1 6 1 6 6 6 1 1
1 1 9 1 6 6 6 1 6 1 6 6 6 1 1
1 1 2 1 6 1 1 1 6 1 6 6 6 1 1
1 1 2 1 7 1 2 1 6 1 6 6 6 1 1
1 1 3 1 2 1 4 1 6 1 6 6 6 1 1
1 1 5 1 7 1 2 1 6 1 6 6 6 1 1
1 1 5 1 2 1 9 1 6 1 6 6 6 1 1
1 1 5 1 2 2 5 1 6 1 6 6 6 1 1
1 1 5 1 1 1 5 1 6 1 6 6 6 1 1
1 1 2 5 2 6 6 6 6 1 6 6 6 1 1
1 1 1 1 1 1 1 1 1 1 1 1 1 1 1
1 1 1 1 1 1 1 1 1 1 1 1 1 1 1
51
12 12 Armor 20
5 12 红钥匙 1
12 11 Armor 20
12 10 Weapon 20
12 9 Weapon 20
8 9 Potion 500
11 12 Armor 3
12 8 Weapon 20
7 12 Potion 500
8 8 Potion 500
5 4 Potion 50
8 12 Potion 500
10 4 Weapon 10
10 9 Weapon 5
11 5 Armor 3
10 7 Weapon 5
11 3 Armor 50
10 5 Weapon 5
6 12 Potion 500
8 4 Potion 500
8 11 Potion 500
10 3 Weapon 10
8 7 Potion 500
10 8 Weapon 5
11 4 Armor 50
11 2 Armor 20
10 6 Weapon 5
6 4 Weapon 20
8 3 Potion 500
8 10 Potion 500
10 2 Weapon 20
8 6 Potion 500
4 4 Treasure 500
8 2 Potion 500
10 12 Potion 500
11 8 Armor 3
12 4 红钥匙 1
10 10 Potion 500
12 2 红钥匙 1
11 6 Armor 3
4 5 Treasure 100
8 5 Potion 500
11 9 Armor 3
12 5 蓝钥匙 2
10 11 Potion 500
12 3 红钥匙 1
11 7 Armor 3
11 10 Armor 3
12 6 蓝钥匙 2
11 11 Armor 3
12 7 绿钥匙 3
7
183 八幡海铃 2600 240 180 120
171 高松灯 1080 180 120 80
167 祐天寺若麦 3200 280 160 150
156 高松灯 1080 180 120 80
152 若叶睦 6000 300 200 200
137 三角初华 10080 420 320 300
122 丰川祥子 32000 700 350 1000
0
1
1 1 1 1 1 1 1 1 1 1 1 1 1 1 1
1 1 1 1 1 1 1 1 1 1 1 1 1 1 1
1 1 1 1 1 1 1 1 1 1 1 1 1 1 1
1 1 2 2 2 2 2 2 2 2 2 2 3 1 1
1 1 1 1 1 1 1 2 1 1 1 1 1 1 1
1 1 2 2 2 2 1 2 1 2 2 2 2 1 1
1 1 2 2 2 2 1 2 1 2 2 2 2 1 1
1 1 1 1 2 1 1 2 1 1 2 1 1 1 1
1 1 2 2 2 2 2 2 2 2 2 2 2 1 1
1 1 1 1 2 1 1 2 1 1 2 1 1 1 1
1 1 5 2 2 2 1 2 1 2 2 2 5 1 1
1 1 2 5 2 2 1 2 1 2 2 5 2 1 1
1 1 2 2 2 2 1 2 1 2 2 2 2 1 1
1 1 1 1 1 1 1 1 1 1 1 1 1 1 1
1 1 1 1 1 1 1 1 1 1 1 1 1 1 1
0
4
176 小猫 25 8 1 3
162 小猫 25 8 1 3
152 小猫 25 8 1 3
168 小猫 25 8 1 3
0
2
1 1 1 1 1 1 1 1 1 1 1 1 1 1 1
1 1 1 1 1 1 1 1 1 1 1 1 1 1 1
1 1 2 2 2 2 2 2 2 2 2 2 2 1 1
1 1 2 1 1 1 1 1 1 1 1 1 4 1 1
1 1 2 1 5 5 5 5 5 5 5 5 5 1 1
1 1 2 1 5 1 1 1 1 1 1 1 1 1 1
1 1 2 1 5 1 10 2 2 2 2 2 2 1 1
1 1 2 8 2 1 11 2 2 2 2 2 2 1 1
1 1 2 1 2 1 2 2 2 2 2 2 2 1 1
1 1 2 1 2 1 1 1 1 1 1 1 2 1 1
1 1 2 1 2 2 2 2 2 2 2 2 2 1 1
1 1 2 1 1 1 1 1 1 1 1 2 2 1 1
1 1 2 2 2 2 2 2 2 2 2 2 3 1 1
1 1 1 1 1 1 1 1 1 1 1 1 1 1 1
1 1 1 1 1 1 1 1 1 1 1 1 1 1 1
0
11
67 企鹅 30 18 15 8
64 企鹅 30 18 15 8
66 企鹅 30 18 15 8
79 企鹅 30 18 15 8
68 企鹅 30 18 15 8
65 企鹅 30 18 15 8
94 企鹅 30 18 15 8
69 企鹅 30 18 15 8
70 企鹅 30 18 15 8
71 企鹅 30 18 15 8
72 企鹅 30 18 15 8
1
6 6 麻里奈 1 2 Treasure 20 0 0 - 0 0
爱音酱，地图上存在假墙哦
来到这里奖励你20金币
3
1 1 1 1 1 1 1 1 1 1 1 1 1 1 1
1 1 1 1 1 1 1 1 1 1 1 1 1 1 1
1 1 2 2 2 1 1 1 1 1 1 1 1 1 1
1 1 2 3 2 1 2 2 2 2 2 2 2 1 1
1 1 2 1 2 1 1 1 2 1 2 1 1 2 1
1 1 2 1 2 1 1 1 2 1 2 1 1 2 1
1 1 2 1 2 2 2 2 2 2 2 2 2 2 1
1 1 2 1 1 1 1 2 1 1 1 1 1 1 1
1 1 2 1 2 2 2 2 1 2 2 2 2 1 1
1 1 2 1 7 1 2 2 1 2 2 1 5 1 1
1 1 2 1 7 1 5 5 1 2 2 2 3 1 1
1 1 2 1 7 1 6 6 1 2 2 1 1 1 1
1 1 2 7 7 1 6 6 1 2 2 2 4 1 1
1 1 1 1 1 1 1 1 1 1 1 1 1 1 1
1 1 1 1 1 1 1 1 1 1 1 1 1 1 1
4
7 12 红钥匙 1
6 11 红钥匙 1
6 12 红钥匙 1
7 11 红钥匙 1
3
156 墨提斯 40 12 3 6
147 客服 50 32 5 10
157 墨提斯 40 12 3 6
0
4
1 1 1 1 1 1 1 1 1 1 1 1 1 1 1
1 1 1 1 1 1 1 1 1 1 1 1 1 1 1
1 1 1 1 1 1 1 1 1 1 1 1 1 1 1
1 1 1 4 2 2 2 2 2 2 2 2 3 1 1
1 1 1 1 2 1 1 1 1 1 1 1 1 1 1
1 1 1 1 2 1 2 2 2 5 5 6 5 1 1
1 1 1 1 2 1 1 1 2 1 1 1 7 1 1
1 1 1 1 2 2 2 2 2 2 2 2 2 1 1
1 1 1 1 2 1 1 1 2 1 1 1 7 1 1
1 1 1 1 2 1 2 2 2 2 5 2 2 1 1
1 1 1 1 2 1 1 1 1 1 1 1 4 1 1
1 2 2 2 2 2 2 2 2 2 2 2 2 1 1
1 1 1 1 1 1 1 1 1 1 1 1 1 1 1
1 1 1 1 1 1 1 1 1 1 1 1 1 1 1
1 1 1 1 1 1 1 1 1 1 1 1 1 1 1
1
11 5 红钥匙 1
4
145 熊猫 110 60 5 12
87 小猫 25 8 1 3
85 墨提斯 40 12 3 6
84 大猫 260 45 15 15
0
5
1 1 1 1 1 1 1 1 1 1 1 1 1 1 1
1 1 1 1 1 1 1 1 1 1 1 1 1 1 1
1 1 1 1 1 1 1 1 1 1 1 1 1 1 1
1 1 1 1 1 1 1 1 1 2 2 2 4 1 1
1 1 1 1 1 1 2 2 2 2 5 1 8 1 1
1 1 1 1 1 1 8 1 1 2 2 2 2 1 1
1 1 2 2 2 1 2 2 1 2 2 1 2 1 1
1 1 1 3 2 2 2 2 1 2 2 1 5 1 1
1 1 2 2 2 1 2 2 1 2 2 1 2 1 1
1 1 1 1 1 1 2 1 1 2 5 1 2 1 1
1 1 2 2 1 2 2 2 2 2 2 1 2 1 1
1 1 2 2 2 2 2 2 2 2 2 2 2 1 1
1 1 1 1 1 1 1 1 1 1 1 1 1 1 1
1 1 1 1 1 1 1 1 1 1 1 1 1 1 1
1 1 1 1 1 1 1 1 1 1 1 1 1 1 1
0
3
145 熊猫 110 60 5 12
117 狗狗 175 30 50 20
70 小猫 25 8 1 3
0
6
1 1 1 1 1 1 1 1 1 1 1 1 1 1 1
1 1 1 1 1 1 1 1 1 1 1 1 1 1 1
1 1 1 1 1 1 1 1 1 1 1 1 1 1 1
1 1 1 1 6 1 6 1 6 1 6 1 1 1 1
1 1 1 1 8 1 7 1 7 1 7 1 1 1 1
1 1 1 2 2 1 2 1 2 1 2 5 6 1 1
1 1 1 5 2 2 2 2 2 2 2 2 1 1 1
1 1 1 4 2 1 2 1 2 1 2 3 1 1 1
1 1 1 5 2 1 2 1 2 1 7 1 1 1 1
1 1 1 2 2 1 7 1 2 1 7 1 1 1 1
1 1 1 1 2 1 7 1 2 1 7 1 1 1 1
1 1 1 1 2 1 6 1 2 1 6 1 1 1 1
1 1 1 1 1 1 1 1 2 1 1 1 1 1 1
1 1 1 1 1 1 1 1 1 1 1 1 1 1 1
1 1 1 1 1 1 1 1 1 1 1 1 1 1 1
7
4 3 Weapon 10
8 3 Potion 100
12 5 红钥匙 1
6 3 Potion 100
10 3 Potion 100
6 11 Armor 4
10 11 Armor 6
3
123 大猫 260 45 15 15
93 大猫 260 45 15 15
86 熊猫 110 60 5 12
0
7
1 1 1 1 1 1 1 1 1 1 1 1 1 1 1
1 1 1 1 1 1 1 1 1 1 1 1 1 1 1
1 1 2 2 2 7 7 7 1 1 1 1 1 1 1
1 1 2 1 2 1 1 7 1 1 1 1 1 1 1
1 1 2 1 2 2 2 2 2 2 2 2 1 1 1
1 1 2 1 2 5 2 2 2 2 2 5 1 1 1
1 1 2 1 1 1 1 2 1 1 2 2 1 1 1
1 1 1 3 1 1 2 2 2 1 2 4 1 1 1
1 1 1 2 1 1 2 2 2 1 2 2 1 1 1
1 1 1 2 1 1 2 2 2 1 2 5 1 1 1
1 1 1 2 1 1 1 5 1 1 2 2 1 1 1
1 1 1 2 2 2 2 2 2 2 2 2 1 1 1
1 1 1 1 1 1 1 1 1 1 1 1 1 1 1
1 1 1 1 1 1 1 1 1 1 1 1 1 1 1
1 1 1 1 1 1 1 1 1 1 1 1 1 1 1
0
4
157 恐惧姐 380 70 40 18
146 客服 50 32 5 10
86 客服 50 32 5 10
80 企鹅 30 18 15 8
0
8
2 2 2 2 2 2 2 2 2 2 2 2 2 2 2
2 1 1 1 1 1 1 1 1 1 1 1 1 1 2
2 1 2 2 2 2 2 2 2 2 2 2 2 1 2
2 1 2 2 2 5 2 5 5 2 5 5 2 1 2
2 1 1 1 1 1 1 1 1 1 1 1 2 1 2
2 1 2 2 2 1 2 2 2 2 2 1 2 1 2
2 1 2 2 2 1 2 2 2 2 2 1 2 1 2
2 1 2 4 2 1 2 11 2 3 2 1 3 1 2
2 1 2 1 2 1 2 2 2 2 2 1 2 1 2
2 1 2 1 2 1 2 2 2 2 2 1 2 1 2
2 1 2 1 2 1 1 1 1 1 1 1 2 1 2
2 1 2 1 2 2 2 5 2 2 2 5 2 1 2
2 1 2 1 2 5 2 2 2 5 2 2 2 1 2
2 1 2 1 1 1 1 1 1 1 1 1 1 1 2
10 2 2 2 2 2 2 2 2 2 2 2 2 2 2
0
9
189 客服 50 32 5 10
176 客服 50 32 5 10
56 客服 50 32 5 10
185 客服 50 32 5 10
172 客服 50 32 5 10
55 客服 50 32 5 10
53 客服 50 32 5 10
52 客服 50 32 5 10
50 熊猫 110 60 5 12
1
0 14 永雏塔菲 0 1 - 0 1 100 蓝钥匙 2 1
关注塔菲喵，关注塔菲谢谢喵
9
1 1 1 1 1 1 1 1 1 1 1 1 1 1 1
1 1 1 1 1 1 1 1 1 1 1 1 1 1 1
1 1 2 2 2 2 2 2 2 2 2 1 3 1 1
1 1 2 2 5 5 2 2 1 2 5 1 2 1 1
1 1 1 2 1 1 2 2 1 2 2 1 2 1 1
1 1 2 2 2 1 2 2 1 2 2 1 2 1 1
1 1 2 2 2 1 2 2 1 2 2 1 2 1 1
1 1 2 2 2 1 2 2 1 4 5 1 4 1 1
1 1 1 1 1 1 1 2 1 1 1 1 2 1 1
1 1 2 2 2 2 2 2 2 2 2 2 2 1 1
1 1 1 1 2 1 1 2 1 1 2 1 1 1 1
1 1 2 2 2 1 2 2 2 1 2 2 2 1 1
1 1 2 2 2 1 2 2 2 1 2 2 2 1 1
1 1 1 1 1 1 1 1 1 1 1 1 1 1 1
1 1 1 1 1 1 1 1 1 1 1 1 1 1 1
0
4
55 大猫 260 45 15 15
115 恐惧姐 380 70 40 18
50 熊猫 110 60 5 12
49 熊猫 110 60 5 12
0
10
1 1 1 1 1 1 1 1 1 1 1 1 1 1 1
1 1 1 1 1 1 1 1 1 1 1 1 1 1 1
1 1 2 2 2 1 2 2 2 1 2 2 4 1 1
1 1 2 2 2 2 2 2 2 2 2 1 1 1 1
1 1 2 2 2 1 2 2 5 1 2 1 10 1 1
1 1 1 1 2 1 1 1 1 1 2 1 2 1 1
1 1 2 2 2 2 2 1 6 1 2 1 2 1 1
1 1 3 2 2 2 2 5 2 9 2 1 7 1 1
1 1 2 2 2 2 2 1 6 1 2 1 6 1 1
1 1 1 1 1 1 1 1 1 1 2 1 7 1 1
1 1 2 2 2 1 1 1 2 1 2 1 2 1 1
1 1 2 2 2 2 2 2 2 2 2 1 2 1 1
1 1 2 2 2 1 1 1 2 1 2 2 2 1 1
1 1 1 1 1 1 1 1 1 1 1 1 1 1 1
1 1 1 1 1 1 1 1 1 1 1 1 1 1 1
3
12 8 红钥匙 1
8 8 Potion 200
8 6 Potion 200
2
112 要乐奈 800 110 80 50
68 狗狗 175 30 50 20
1
12 4 乐奈她奶奶 0 1 临时护盾 0 1 0 绿钥匙 3 0
乐奈喜欢吃芭菲
11
1 1 1 1 1 1 1 1 1 1 1 1 2 2 2
1 1 1 1 1 1 1 1 1 1 1 2 2 2 2
1 1 2 2 2 2 2 2 2 2 2 2 2 2 2
1 1 2 2 2 2 2 2 2 2 2 2 2 2 1
1 1 2 2 2 2 2 2 2 2 2 2 2 1 1
1 1 2 2 2 2 2 2 2 2 2 2 2 1 1
1 1 2 2 2 2 2 2 2 2 2 2 2 1 1
1 1 4 2 2 2 2 2 2 2 2 2 3 1 1
1 1 2 2 2 2 2 2 2 2 2 2 2 1 1
1 1 2 2 2 2 2 2 2 2 2 2 2 1 1
1 1 2 2 2 2 2 2 2 2 2 2 2 1 1
1 1 2 2 2 2 2 2 2 2 2 2 2 1 1
2 2 2 2 2 2 2 2 2 2 2 2 2 1 1
2 2 2 1 1 1 1 1 1 1 1 1 1 1 1
2 2 2 1 1 1 1 1 1 1 1 1 1 1 1
0
0
0
12
1 1 1 1 1 1 1 1 1 1 1 1 1 1 1
1 1 1 1 1 1 1 1 1 1 1 1 1 1 1
1 1 2 11 2 1 6 2 6 6 1 6 1 1 1
1 1 2 2 2 1 6 2 2 6 1 6 1 1 1
1 1 1 7 1 1 1 5 5 1 1 9 1 1 1
1 1 6 2 2 5 2 5 5 2 5 2 5 1 1
1 1 1 1 1 1 1 1 1 1 1 1 2 1 1
2 2 3 5 5 5 5 6 5 5 5 5 4 1 1
2 1 8 1 1 1 1 1 1 1 1 1 2 1 1
2 1 2 2 2 2 2 2 2 2 2 2 2 1 1
2 1 1 1 2 1 1 1 1 1 7 1 1 1 1
2 1 5 2 2 2 5 1 6 5 2 5 6 1 1
2 1 2 2 2 2 2 1 5 5 2 2 5 1 1
2 1 1 1 2 1 1 1 1 1 1 1 1 1 1
2 2 2 2 2 1 1 1 1 1 1 1 1 1 1
11
12 11 蓝钥匙 2
7 7 万能钥匙 0
8 11 Potion 400
11 3 幸运金币 0
9 3 红钥匙 1
11 2 Potion 400
9 2 红钥匙 1
2 5 Potion 50
6 3 Armor 3
8 2 红钥匙 1
6 2 蓝钥匙 2
22
192 高松灯 1080 180 120 80
189 狗狗 175 30 50 20
188 狗狗 175 30 50 20
176 高松灯 1080 180 120 80
115 狗狗 175 30 50 20
67 八幡海铃 2600 240 180 120
68 八幡海铃 2600 240 180 120
108 高松灯 1080 180 120 80
83 小猫 25 8 1 3
167 高松灯 1080 180 120 80
80 狗狗 175 30 50 20
109 狗狗 175 30 50 20
82 小猫 25 8 1 3
111 椎名立希 2200 200 160 100
174 狗狗 175 30 50 20
116 高松灯 1080 180 120 80
87 小猫 25 8 1 3
171 高松灯 1080 180 120 80
113 椎名立希 2200 200 160 100
110 高松灯 1080 180 120 80
85 狗狗 175 30 50 20
114 高松灯 1080 180 120 80
0
13
1 1 1 1 1 1 1 1 1 1 1 1 1 1 1
1 1 1 1 1 1 1 1 1 1 1 1 1 1 1
1 1 1 1 1 1 1 1 1 1 1 1 1 1 1
1 1 1 1 1 1 1 1 1 1 1 1 1 1 1
1 1 2 2 2 2 2 1 1 1 1 1 1 1 1
1 1 2 1 1 1 2 1 1 1 1 1 1 1 1
1 1 2 1 2 1 2 1 1 1 1 1 1 1 1
1 1 4 1 2 1 3 1 1 1 1 1 2 1 1
1 1 2 1 2 1 2 1 1 1 1 1 2 1 1
1 1 2 1 2 1 2 1 1 1 1 1 2 1 1
1 1 2 2 2 2 2 2 2 2 2 2 2 1 1
1 1 1 1 1 1 1 1 1 1 1 1 1 1 1
1 1 1 1 1 1 1 1 1 1 1 1 1 1 1
1 1 1 1 1 1 1 1 1 1 1 1 1 1 1
1 1 1 1 1 1 1 1 1 1 1 1 1 1 1
0
0
0
SHOP
3
2 6 7 60 60 60 200 3 6
8 7 7 120 120 120 200 6 12
12 3 2 240 240 240 600 9 18
3 10 2745 165 84 583
10 1 0
1 1 1
EXTRA 0 2 0 0 0 0 0
5
企鹅玩偶 0
匿名眼镜 0
抹茶芭菲 0
下楼器 0
破墙锤 0
