MOTA2
15 15
12
15
13
1 1 1 1 1 1 1 1 1 1 1 1 1 1 1
1 1 1 1 1 1 1 1 1 1 1 1 1 1 1
1 1 1 1 1 1 1 1 1 1 1 1 1 1 1
1 1 1 1 1 1 1 1 1 1 1 1 1 1 1
1 1 2 2 2 2 2 1 1 1 1 1 1 1 1
1 1 2 1 1 1 2 1 1 1 1 1 1 1 1
1 1 2 1 2 1 2 1 1 1 1 1 1 1 1
1 1 4 1 2 1 3 1 1 1 1 1 2 1 1
1 1 2 1 2 1 2 1 1 1 1 1 2 1 1
1 1 2 1 2 1 2 1 1 1 1 1 2 1 1
1 1 2 2 2 2 2 2 2 2 2 2 2 1 1
1 1 1 1 1 1 1 1 1 1 1 1 1 1 1
1 1 1 1 1 1 1 1 1 1 1 1 1 1 1
1 1 1 1 1 1 1 1 1 1 1 1 1 1 1
1 1 1 1 1 1 1 1 1 1 1 1 1 1 1
0
0
0
12
1 1 1 1 1 1 1 1 1 1 1 1 1 1 1
1 1 1 1 1 1 1 1 1 1 1 1 1 1 1
1 1 2 11 2 1 2 2 2 2 1 2 1 1 1
1 1 2 2 2 1 2 2 2 2 1 2 1 1 1
1 1 1 2 1 1 1 2 5 1 1 2 1 1 1
1 1 2 2 2 2 2 2 2 2 2 2 2 1 1
1 1 1 1 1 1 1 1 1 1 1 1 2 1 1
2 2 3 2 2 2 2 2 2 2 2 2 4 1 1
2 1 8 1 1 1 1 1 1 1 1 1 2 1 1
2 1 2 2 2 2 2 2 2 2 2 2 2 1 1
2 1 1 1 2 1 1 1 1 1 2 1 1 1 1
2 1 5 2 2 2 5 1 2 2 2 2 2 1 1
2 1 2 2 2 2 2 1 2 2 2 2 2 1 1
2 1 1 1 2 1 1 1 1 1 1 1 1 1 1
2 2 2 2 2 1 1 1 1 1 1 1 1 1 1
0
3
171 高松灯 1080 180 120 80
68 八幡海铃 2600 240 180 120
167 高松灯 1080 180 120 80
0
15
2 2 2 2 2 2 2 2 2 2 2 2 2 2 2
2 2 2 2 2 2 2 2 2 2 2 2 2 2 2
2 2 2 2 2 2 2 2 2 2 2 2 2 2 2
2 2 2 2 2 2 2 2 2 2 2 2 2 2 2
2 1 2 1 1 1 1 1 1 1 1 1 1 1 2
2 1 2 2 2 2 2 2 2 2 2 2 2 1 2
2 1 2 2 2 2 2 2 2 2 2 2 2 1 2
2 1 4 2 2 2 2 5 2 2 2 2 11 1 2
2 1 2 2 2 2 2 2 2 2 2 2 2 1 2
2 1 2 2 2 2 2 2 2 2 2 2 2 1 2
2 1 2 2 2 2 2 2 2 2 2 2 2 1 2
2 1 2 2 2 2 2 2 2 2 2 2 2 1 2
2 1 2 2 2 2 2 2 2 2 2 2 2 1 2
2 1 1 1 1 1 1 1 1 1 1 1 1 1 2
2 2 2 2 2 2 2 2 2 2 2 2 2 2 2
0
1
112 长崎素世 69696 969 400 2000
0
2
1 1 1 1 1 1 1 1 1 1 1 1 1 1 1
1 1 1 1 1 1 1 1 1 1 1 1 1 1 1
1 1 2 2 2 2 2 2 2 2 2 2 2 1 1
1 1 2 1 1 1 1 1 1 1 1 1 4 1 1
1 1 2 1 5 5 5 5 5 5 5 5 5 1 1
1 1 2 1 5 1 1 1 1 1 1 1 1 1 1
1 1 2 1 5 1 10 2 2 2 2 2 2 1 1
1 1 2 8 2 1 11 2 2 2 2 2 2 1 1
1 1 2 1 2 1 2 2 2 2 2 2 2 1 1
1 1 2 1 2 1 1 1 1 1 1 1 2 1 1
1 1 2 1 2 2 2 2 2 2 2 2 2 1 1
1 1 2 1 1 1 1 1 1 1 1 2 2 1 1
1 1 2 2 2 2 2 2 2 2 2 2 3 1 1
1 1 1 1 1 1 1 1 1 1 1 1 1 1 1
1 1 1 1 1 1 1 1 1 1 1 1 1 1 1
0
11
72 企鹅 30 18 15 8
71 企鹅 30 18 15 8
70 企鹅 30 18 15 8
69 企鹅 30 18 15 8
65 企鹅 30 18 15 8
94 企鹅 30 18 15 8
68 企鹅 30 18 15 8
79 企鹅 30 18 15 8
66 企鹅 30 18 15 8
64 企鹅 30 18 15 8
67 企鹅 30 18 15 8
1
6 6 麻里奈 1 2 Treasure 20 0 0 - 0 0
爱音酱，地图上存在假墙哦
来到这里奖励你20金币
14
1 1 1 1 1 1 1 1 1 1 1 1 1 1 1
1 1 1 1 1 1 1 1 1 1 1 1 1 1 1
1 1 2 2 2 2 2 2 2 1 2 2 2 1 1
1 1 2 1 1 1 1 1 2 1 2 2 2 1 1
1 1 2 1 2 2 2 1 2 1 2 2 2 1 1
1 1 2 1 2 1 1 1 2 1 2 2 2 1 1
1 1 2 1 2 1 2 1 2 1 2 2 2 1 1
1 1 3 1 2 1 4 1 2 1 2 2 2 1 1
1 1 5 1 2 1 2 1 2 1 2 2 2 1 1
1 1 2 1 2 1 2 1 2 1 2 2 2 1 1
1 1 2 1 2 2 2 1 2 1 2 2 2 1 1
1 1 2 1 1 1 2 1 2 1 2 2 2 1 1
1 1 2 2 2 2 2 2 2 1 2 2 2 1 1
1 1 1 1 1 1 1 1 1 1 1 1 1 1 1
1 1 1 1 1 1 1 1 1 1 1 1 1 1 1
0
1
122 丰川祥子 32000 700 350 1000
0
1
1 1 1 1 1 1 1 1 1 1 1 1 1 1 1
1 1 1 1 1 1 1 1 1 1 1 1 1 1 1
1 1 1 1 1 1 1 1 1 1 1 1 1 1 1
1 1 2 2 2 2 2 2 2 2 2 2 3 1 1
1 1 1 1 1 1 1 2 1 1 1 1 1 1 1
1 1 2 2 2 2 1 2 1 2 2 2 2 1 1
1 1 2 2 2 2 1 2 1 2 2 2 2 1 1
1 1 1 1 2 1 1 2 1 1 2 1 1 1 1
1 1 2 2 2 2 2 2 2 2 2 2 2 1 1
1 1 1 1 2 1 1 2 1 1 2 1 1 1 1
1 1 5 2 2 2 1 2 1 2 2 2 5 1 1
1 1 2 5 2 2 1 2 1 2 2 5 2 1 1
1 1 2 2 2 2 1 2 1 2 2 2 2 1 1
1 1 1 1 1 1 1 1 1 1 1 1 1 1 1
1 1 1 1 1 1 1 1 1 1 1 1 1 1 1
0
4
168 小猫 25 8 1 3
152 小猫 25 8 1 3
162 小猫 25 8 1 3
176 小猫 25 8 1 3
0
3
1 1 1 1 1 1 1 1 1 1 1 1 1 1 1
1 1 1 1 1 1 1 1 1 1 1 1 1 1 1
1 1 2 2 2 1 1 1 1 1 1 1 1 1 1
1 1 2 3 2 1 2 2 2 2 2 2 2 1 1
1 1 2 1 2 1 1 1 2 1 2 1 1 2 1
1 1 2 1 2 1 1 1 2 1 2 1 1 2 1
1 1 2 1 2 2 2 2 2 2 2 2 2 2 1
1 1 2 1 1 1 1 2 1 1 1 1 1 1 1
1 1 2 1 2 2 2 2 1 2 2 2 2 1 1
1 1 2 1 7 1 2 2 1 2 2 1 5 1 1
1 1 2 1 7 1 5 5 1 2 2 2 3 1 1
1 1 2 1 7 1 6 6 1 2 2 1 1 1 1
1 1 2 7 7 1 6 6 1 2 2 2 4 1 1
1 1 1 1 1 1 1 1 1 1 1 1 1 1 1
1 1 1 1 1 1 1 1 1 1 1 1 1 1 1
4
7 11 红钥匙 1
6 12 红钥匙 1
6 11 红钥匙 1
7 12 红钥匙 1
3
157 墨提斯 40 12 3 6
147 客服 50 32 5 10
156 墨提斯 40 12 3 6
0
4
1 1 1 1 1 1 1 1 1 1 1 1 1 1 1
1 1 1 1 1 1 1 1 1 1 1 1 1 1 1
1 1 1 1 1 1 1 1 1 1 1 1 1 1 1
1 1 1 4 2 2 2 2 2 2 2 2 3 1 1
1 1 1 1 2 1 1 1 1 1 1 1 1 1 1
1 1 1 1 2 1 2 2 2 5 5 6 5 1 1
1 1 1 1 2 1 1 1 2 1 1 1 7 1 1
1 1 1 1 2 2 2 2 2 2 2 2 2 1 1
1 1 1 1 2 1 1 1 2 1 1 1 7 1 1
1 1 1 1 2 1 2 2 2 2 5 2 2 1 1
1 1 1 1 2 1 1 1 1 1 1 1 4 1 1
1 2 2 2 2 2 2 2 2 2 2 2 2 1 1
1 1 1 1 1 1 1 1 1 1 1 1 1 1 1
1 1 1 1 1 1 1 1 1 1 1 1 1 1 1
1 1 1 1 1 1 1 1 1 1 1 1 1 1 1
1
11 5 红钥匙 1
4
84 大猫 260 45 15 15
85 墨提斯 40 12 3 6
87 小猫 25 8 1 3
145 熊猫 110 60 5 12
0
5
1 1 1 1 1 1 1 1 1 1 1 1 1 1 1
1 1 1 1 1 1 1 1 1 1 1 1 1 1 1
1 1 1 1 1 1 1 1 1 1 1 1 1 1 1
1 1 1 1 1 1 1 1 1 2 2 2 4 1 1
1 1 1 1 1 1 2 2 2 2 5 1 8 1 1
1 1 1 1 1 1 8 1 1 2 2 2 2 1 1
1 1 2 2 2 1 2 2 1 2 2 1 2 1 1
1 1 1 3 2 2 2 2 1 2 2 1 5 1 1
1 1 2 2 2 1 2 2 1 2 2 1 2 1 1
1 1 1 1 1 1 2 1 1 2 5 1 2 1 1
1 1 2 2 1 2 2 2 2 2 2 1 2 1 1
1 1 2 2 2 2 2 2 2 2 2 2 2 1 1
1 1 1 1 1 1 1 1 1 1 1 1 1 1 1
1 1 1 1 1 1 1 1 1 1 1 1 1 1 1
1 1 1 1 1 1 1 1 1 1 1 1 1 1 1
0
3
70 小猫 25 8 1 3
117 狗狗 175 30 50 20
145 熊猫 110 60 5 12
0
6
1 1 1 1 1 1 1 1 1 1 1 1 1 1 1
1 1 1 1 1 1 1 1 1 1 1 1 1 1 1
1 1 1 1 1 1 1 1 1 1 1 1 1 1 1
1 1 1 1 6 1 6 1 6 1 6 1 1 1 1
1 1 1 1 8 1 7 1 7 1 7 1 1 1 1
1 1 1 2 2 1 2 1 2 1 2 5 6 1 1
1 1 1 5 2 2 2 2 2 2 2 2 1 1 1
1 1 1 4 2 1 2 1 2 1 2 3 1 1 1
1 1 1 5 2 1 2 1 2 1 7 1 1 1 1
1 1 1 2 2 1 7 1 2 1 7 1 1 1 1
1 1 1 1 2 1 7 1 2 1 7 1 1 1 1
1 1 1 1 2 1 6 1 2 1 6 1 1 1 1
1 1 1 1 1 1 1 1 2 1 1 1 1 1 1
1 1 1 1 1 1 1 1 1 1 1 1 1 1 1
1 1 1 1 1 1 1 1 1 1 1 1 1 1 1
7
10 11 Armor 6
6 11 Armor 4
10 3 Potion 100
6 3 Potion 100
12 5 红钥匙 1
8 3 Potion 100
4 3 Weapon 10
3
86 熊猫 110 60 5 12
93 大猫 260 45 15 15
123 大猫 260 45 15 15
0
7
1 1 1 1 1 1 1 1 1 1 1 1 1 1 1
1 1 1 1 1 1 1 1 1 1 1 1 1 1 1
1 1 2 2 2 7 7 7 1 1 1 1 1 1 1
1 1 2 1 2 1 1 7 1 1 1 1 1 1 1
1 1 2 1 2 2 2 2 2 2 2 2 1 1 1
1 1 2 1 2 5 2 2 2 2 2 5 1 1 1
1 1 2 1 1 1 1 2 1 1 2 2 1 1 1
1 1 1 3 1 1 2 2 2 1 2 4 1 1 1
1 1 1 2 1 1 2 2 2 1 2 2 1 1 1
1 1 1 2 1 1 2 2 2 1 2 5 1 1 1
1 1 1 2 1 1 1 5 1 1 2 2 1 1 1
1 1 1 2 2 2 2 2 2 2 2 2 1 1 1
1 1 1 1 1 1 1 1 1 1 1 1 1 1 1
1 1 1 1 1 1 1 1 1 1 1 1 1 1 1
1 1 1 1 1 1 1 1 1 1 1 1 1 1 1
0
4
80 企鹅 30 18 15 8
86 客服 50 32 5 10
146 客服 50 32 5 10
157 恐惧姐 380 70 40 18
0
8
2 2 2 2 2 2 2 2 2 2 2 2 2 2 2
2 1 1 1 1 1 1 1 1 1 1 1 1 1 2
2 1 2 2 2 2 2 2 2 2 2 2 2 1 2
2 1 2 2 2 5 2 5 5 2 5 5 2 1 2
2 1 1 1 1 1 1 1 1 1 1 1 2 1 2
2 1 2 2 2 1 2 2 2 2 2 1 2 1 2
2 1 2 2 2 1 2 2 2 2 2 1 2 1 2
2 1 2 4 2 1 2 11 2 3 2 1 3 1 2
2 1 2 1 2 1 2 2 2 2 2 1 2 1 2
2 1 2 1 2 1 2 2 2 2 2 1 2 1 2
2 1 2 1 2 1 1 1 1 1 1 1 2 1 2
2 1 2 1 2 2 2 5 2 2 2 5 2 1 2
2 1 2 1 2 5 2 2 2 5 2 2 2 1 2
2 1 2 1 1 1 1 1 1 1 1 1 1 1 2
10 2 2 2 2 2 2 2 2 2 2 2 2 2 2
0
9
50 熊猫 110 60 5 12
52 客服 50 32 5 10
53 客服 50 32 5 10
55 客服 50 32 5 10
172 客服 50 32 5 10
185 客服 50 32 5 10
56 客服 50 32 5 10
176 客服 50 32 5 10
189 客服 50 32 5 10
1
0 14 永雏塔菲 0 1 - 0 1 100 蓝钥匙 2 1
关注塔菲喵，关注塔菲谢谢喵
9
1 1 1 1 1 1 1 1 1 1 1 1 1 1 1
1 1 1 1 1 1 1 1 1 1 1 1 1 1 1
1 1 2 2 2 2 2 2 2 2 2 1 3 1 1
1 1 2 2 5 5 2 2 1 2 5 1 2 1 1
1 1 1 2 1 1 2 2 1 2 2 1 2 1 1
1 1 2 2 2 1 2 2 1 2 2 1 2 1 1
1 1 2 2 2 1 2 2 1 2 2 1 2 1 1
1 1 2 2 2 1 2 2 1 4 5 1 4 1 1
1 1 1 1 1 1 1 2 1 1 1 1 2 1 1
1 1 2 2 2 2 2 2 2 2 2 2 2 1 1
1 1 1 1 2 1 1 2 1 1 2 1 1 1 1
1 1 2 2 2 1 2 2 2 1 2 2 2 1 1
1 1 2 2 2 1 2 2 2 1 2 2 2 1 1
1 1 1 1 1 1 1 1 1 1 1 1 1 1 1
1 1 1 1 1 1 1 1 1 1 1 1 1 1 1
0
4
49 熊猫 110 60 5 12
50 熊猫 110 60 5 12
115 恐惧姐 380 70 40 18
55 大猫 260 45 15 15
0
10
1 1 1 1 1 1 1 1 1 1 1 1 1 1 1
1 1 1 1 1 1 1 1 1 1 1 1 1 1 1
1 1 2 2 2 1 2 2 2 1 2 2 4 1 1
1 1 2 2 2 2 2 2 2 2 2 1 1 1 1
1 1 2 2 2 1 2 2 5 1 2 1 10 1 1
1 1 1 1 2 1 1 1 1 1 2 1 2 1 1
1 1 2 2 2 2 2 1 6 1 2 1 2 1 1
1 1 3 2 2 2 2 2 2 9 2 1 7 1 1
1 1 2 2 2 2 2 1 6 1 2 1 6 1 1
1 1 1 1 1 1 1 1 1 1 2 1 7 1 1
1 1 2 2 2 1 1 1 2 1 2 1 2 1 1
1 1 2 2 2 2 2 2 2 2 2 1 2 1 1
1 1 2 2 2 1 1 1 2 1 2 2 2 1 1
1 1 1 1 1 1 1 1 1 1 1 1 1 1 1
1 1 1 1 1 1 1 1 1 1 1 1 1 1 1
3
8 6 Potion 200
8 8 Potion 200
12 8 红钥匙 1
1
68 狗狗 175 30 50 20
1
12 4 乐奈她奶奶 0 1 临时护盾 0 1 0 绿钥匙 3 0
乐奈喜欢吃芭菲
11
1 1 1 1 1 1 1 1 1 1 1 1 2 2 2
1 1 1 1 1 1 1 1 1 1 1 2 2 2 2
1 1 2 2 2 2 2 2 2 2 2 2 2 2 2
1 1 2 2 2 2 2 2 2 2 2 2 2 2 1
1 1 2 2 2 2 2 2 2 2 2 2 2 1 1
1 1 2 2 2 2 2 2 2 2 2 2 2 1 1
1 1 2 2 2 2 2 2 2 2 2 2 2 1 1
1 1 4 2 2 2 2 2 2 2 2 2 3 1 1
1 1 2 2 2 2 2 2 2 2 2 2 2 1 1
1 1 2 2 2 2 2 2 2 2 2 2 2 1 1
1 1 2 2 2 2 2 2 2 2 2 2 2 1 1
1 1 2 2 2 2 2 2 2 2 2 2 2 1 1
2 2 2 2 2 2 2 2 2 2 2 2 2 1 1
2 2 2 1 1 1 1 1 1 1 1 1 1 1 1
2 2 2 1 1 1 1 1 1 1 1 1 1 1 1
0
0
0
SHOP
3
12 3 2 240 240 240 600 9 18
2 6 7 60 60 60 200 3 6
8 7 7 120 120 120 200 6 12
9 7 10047 615 373 5638
8 3 0
1 1 1
EXTRA 1 2 0 0 0 1 0
4
企鹅玩偶 0
匿名眼镜 0
抹茶芭菲 0
幸运金币 0
