MOTA2
15 15
1
13
1
1 1 1 1 1 1 1 1 1 1 1 1 1 1 1
1 1 1 1 1 1 1 1 1 1 1 1 1 1 1
1 1 1 1 1 1 1 1 1 1 1 1 1 1 1
1 1 2 2 6 6 2 5 2 2 6 2 3 1 1
1 1 1 1 1 1 1 2 1 1 1 1 1 1 1
1 1 6 6 6 6 1 2 1 6 6 6 6 1 1
1 1 6 2 6 6 1 2 1 6 6 2 6 1 1
1 1 1 1 8 1 1 6 1 1 8 1 1 1 1
1 1 6 6 2 2 7 2 7 2 2 6 6 1 1
1 1 1 1 7 1 1 5 1 1 7 1 1 1 1
1 1 5 2 2 2 1 6 1 2 2 2 5 1 1
1 1 6 5 2 2 1 5 1 2 2 5 6 1 1
1 1 6 6 5 2 1 6 1 2 5 6 6 1 1
1 1 1 1 1 1 1 1 1 1 1 1 1 1 1
1 1 1 1 1 1 1 1 1 1 1 1 1 1 1
30
4 3 红钥匙 0
5 3 红钥匙 0
10 3 红钥匙 0
2 5 生命药 50
3 5 武器 3
4 5 金币 10
5 5 金币 10
9 5 金币 10
10 5 金币 10
11 5 防具 3
12 5 生命药 50
2 6 生命药 50
4 6 金币 10
5 6 金币 10
9 6 金币 10
10 6 金币 10
12 6 生命药 50
7 7 红钥匙 0
2 8 生命药 50
3 8 武器 1
11 8 防具 1
12 8 生命药 50
7 10 红钥匙 0
2 11 红钥匙 0
12 11 红钥匙 0
2 12 红钥匙 0
3 12 红钥匙 0
7 12 蓝钥匙 0
11 12 红钥匙 0
12 12 红钥匙 0
9
52 小猫 25 8 1 3
142 小猫 25 8 1 3
152 小猫 25 8 1 3
162 小猫 25 8 1 3
168 小猫 25 8 1 3
172 墨提斯 40 12 3 6
176 小猫 25 8 1 3
184 小猫 25 8 1 3
190 小猫 25 8 1 3
0
2
1 1 1 1 1 1 1 1 1 1 1 1 1 1 1
1 1 1 1 1 1 1 1 1 1 1 1 1 1 1
1 1 6 2 2 5 2 6 2 2 2 5 2 1 1
1 1 2 1 1 1 1 1 1 1 1 1 4 1 1
1 1 2 1 5 5 5 5 5 5 5 5 5 1 1
1 1 2 1 5 1 1 1 1 1 1 1 1 1 1
1 1 2 1 5 1 10 2 6 2 2 6 6 1 1
1 1 2 8 6 1 11 2 6 2 2 6 6 1 1
1 1 2 1 5 1 2 2 6 2 2 2 2 1 1
1 1 5 1 5 1 1 1 1 1 1 1 9 1 1
1 1 2 1 5 5 5 6 5 5 5 2 2 1 1
1 1 2 1 1 1 1 1 1 1 1 2 2 1 1
1 1 2 2 2 2 2 2 2 2 2 2 3 1 1
1 1 1 1 1 1 1 1 1 1 1 1 1 1 1
1 1 1 1 1 1 1 1 1 1 1 1 1 1 1
11
2 2 红钥匙 0
7 2 红钥匙 0
8 6 红钥匙 0
11 6 生命药 50
12 6 生命药 50
4 7 武器 5
8 7 金币 10
11 7 生命药 50
12 7 生命药 50
8 8 红钥匙 0
7 10 蓝钥匙 0
22
35 小猫 25 8 1 3
41 小猫 25 8 1 3
64 企鹅 30 18 15 8
65 企鹅 30 18 15 8
66 企鹅 30 18 15 8
67 企鹅 30 18 15 8
68 企鹅 30 18 15 8
69 企鹅 30 18 15 8
70 企鹅 30 18 15 8
71 企鹅 30 18 15 8
72 企鹅 30 18 15 8
79 企鹅 30 18 15 8
94 企鹅 30 18 15 8
124 企鹅 30 18 15 8
137 小猫 25 8 1 3
139 企鹅 30 18 15 8
154 企鹅 30 18 15 8
155 企鹅 30 18 15 8
156 企鹅 30 18 15 8
158 企鹅 30 18 15 8
159 企鹅 30 18 15 8
160 企鹅 30 18 15 8
1
6 6 麻里奈 0 2 金币 20 0 0 - 50
爱音酱，地图上存在假墙哦
来到这里奖励你20金币
3
1 1 1 1 1 1 1 1 1 1 1 1 1 1 1
1 1 1 1 1 1 1 1 1 1 1 1 1 1 1
1 1 2 5 2 1 1 1 1 1 1 1 1 1 1
1 1 5 3 2 1 6 2 5 6 5 2 6 1 1
1 1 2 1 6 1 1 1 7 1 2 1 1 6 1
1 1 5 1 2 1 1 1 2 1 2 1 1 7 1
1 1 6 1 2 6 2 2 2 2 2 7 7 7 1
1 1 5 1 1 1 1 2 1 1 1 1 1 1 1
1 1 6 1 2 2 2 2 1 6 2 2 2 1 1
1 1 5 1 7 1 2 2 1 2 2 1 5 1 1
1 1 2 1 7 1 5 5 1 2 5 7 3 1 1
1 1 2 1 7 1 6 6 1 2 2 1 1 1 1
1 1 6 7 7 1 6 6 1 2 5 6 4 1 1
1 1 1 1 1 1 1 1 1 1 1 1 1 1 1
1 1 1 1 1 1 1 1 1 1 1 1 1 1 1
15
6 3 蓝钥匙 0
9 3 生命药 50
12 3 防具 1
4 4 红钥匙 0
13 4 绿钥匙 0
2 6 金币 10
5 6 红钥匙 0
2 8 防具 1
9 8 生命药 50
6 11 红钥匙 0
7 11 红钥匙 0
2 12 蓝钥匙 0
6 12 红钥匙 0
7 12 红钥匙 0
11 12 红钥匙 0
12
33 小猫 25 8 1 3
47 小猫 25 8 1 3
53 客服 50 32 5 10
55 客服 50 32 5 10
77 墨提斯 40 12 3 6
107 墨提斯 40 12 3 6
137 客服 50 32 5 10
147 客服 50 32 5 10
156 墨提斯 40 12 3 6
157 墨提斯 40 12 3 6
160 小猫 25 8 1 3
190 小猫 25 8 1 3
0
4
1 1 1 1 1 1 1 1 1 1 1 1 1 1 1
1 1 1 1 1 1 1 1 1 1 1 1 1 1 1
1 1 1 1 1 1 1 1 1 1 1 1 1 1 1
1 1 1 4 2 2 2 6 2 2 2 2 3 1 1
1 1 1 1 2 1 1 1 1 1 1 1 1 1 1
1 1 1 1 2 1 6 6 6 5 5 6 5 1 1
1 1 1 1 2 1 1 1 8 1 1 1 7 1 1
1 1 1 1 2 5 2 2 7 2 2 2 2 1 1
1 1 1 1 2 1 1 1 7 1 1 1 7 1 1
1 1 1 1 6 1 6 5 2 6 5 2 2 1 1
1 1 1 1 6 1 1 1 1 1 1 1 4 1 1
1 6 6 8 2 2 2 2 5 2 2 2 6 1 1
1 1 1 1 1 1 1 1 1 1 1 1 1 1 1
1 1 1 1 1 1 1 1 1 1 1 1 1 1 1
1 1 1 1 1 1 1 1 1 1 1 1 1 1 1
12
7 3 红钥匙 0
6 5 防具 4
7 5 企鹅玩偶 0
8 5 生命药 50
11 5 红钥匙 0
4 9 红钥匙 0
6 9 武器 4
9 9 金币 10
4 10 红钥匙 0
1 11 生命药 200
2 11 武器 8
12 11 生命药 50
7
84 大猫 260 45 15 15
85 墨提斯 40 12 3 6
87 小猫 25 8 1 3
110 小猫 25 8 1 3
142 客服 50 32 5 10
145 熊猫 110 60 5 12
173 小猫 25 8 1 3
0
5
1 1 1 1 1 1 1 1 1 1 1 1 1 1 1
1 1 1 1 1 1 1 1 1 1 1 1 1 1 1
1 1 1 1 1 1 1 1 1 1 1 1 1 1 1
1 1 1 1 1 1 1 1 1 2 2 2 4 1 1
1 1 1 1 1 1 2 2 2 5 5 1 8 1 1
1 1 1 1 1 1 8 1 1 2 2 12 6 1 1
1 1 6 6 6 1 2 2 1 2 2 1 6 1 1
1 1 1 3 6 2 5 2 1 2 2 1 5 1 1
1 1 6 6 6 1 7 2 1 2 2 1 6 1 1
1 1 1 1 1 1 7 1 1 7 5 1 5 1 1
1 1 6 2 1 2 7 2 2 2 2 1 5 1 1
1 1 6 2 7 2 2 2 6 2 2 2 6 1 1
1 1 1 1 1 1 1 1 1 1 1 1 1 1 1
1 1 1 1 1 1 1 1 1 1 1 1 1 1 1
1 1 1 1 1 1 1 1 1 1 1 1 1 1 1
14
12 5 武器 5
2 6 红钥匙 0
3 6 武器 5
4 6 生命药 200
12 6 红钥匙 0
4 7 金币 10
2 8 红钥匙 0
3 8 防具 5
4 8 生命药 200
12 8 蓝钥匙 0
2 10 红钥匙 0
2 11 生命药 50
8 11 金币 10
12 11 红钥匙 0
7
69 小猫 25 8 1 3
70 小猫 25 8 1 3
111 妈妈 260 80 20 16
117 狗狗 175 30 100 20
145 熊猫 110 60 5 12
147 客服 50 32 5 10
162 客服 50 32 5 10
0
6
1 1 1 1 1 1 1 1 1 1 1 1 1 1 1
1 1 1 1 1 1 1 1 1 1 1 1 1 1 1
1 1 1 1 1 1 1 1 1 1 1 1 1 1 1
1 1 1 1 6 1 6 1 6 1 6 1 1 1 1
1 1 1 1 8 1 7 1 7 1 7 1 1 1 1
1 1 1 6 5 1 2 1 2 1 2 5 6 1 1
1 1 1 5 2 6 2 2 2 2 2 5 1 1 1
1 1 1 4 2 1 2 1 5 1 7 3 1 1 1
1 1 1 5 2 1 6 1 7 1 7 1 1 1 1
1 1 1 6 5 1 7 1 7 1 7 1 1 1 1
1 1 1 1 7 1 7 1 7 1 7 1 1 1 1
1 1 1 1 6 1 6 1 6 1 6 1 1 1 1
1 1 1 1 1 1 1 1 6 1 1 1 1 1 1
1 1 1 1 1 1 1 1 1 1 1 1 1 1 1
1 1 1 1 1 1 1 1 1 1 1 1 1 1 1
14
4 3 武器 10
6 3 生命药 100
8 3 生命药 100
10 3 生命药 100
3 5 红钥匙 0
12 5 红钥匙 0
5 6 金币 10
6 8 金币 10
3 9 红钥匙 0
4 11 武器 2
6 11 防具 4
8 11 武器 5
10 11 防具 6
8 12 匿名眼镜 0
7
79 大猫 260 45 15 15
86 熊猫 110 60 5 12
93 大猫 260 45 15 15
101 熊猫 110 60 5 12
113 大猫 260 45 15 15
123 大猫 260 45 15 15
139 大猫 260 45 15 15
0
7
1 1 1 1 1 1 1 1 1 1 1 1 1 1 1
1 1 1 1 1 1 1 1 1 1 1 1 1 1 1
1 1 7 7 7 7 7 7 1 1 1 1 1 1 1
1 1 8 1 12 1 1 7 1 1 1 1 1 1 1
1 1 6 1 5 2 2 6 2 2 2 6 1 1 1
1 1 6 1 6 5 2 7 2 6 2 5 1 1 1
1 1 6 1 1 1 1 12 1 1 5 2 1 1 1
1 1 1 3 1 1 6 6 6 1 5 4 1 1 1
1 1 1 2 1 1 6 6 6 1 5 2 1 1 1
1 1 1 2 1 1 6 6 6 1 2 5 1 1 1
1 1 1 6 1 1 1 5 1 1 2 6 1 1 1
1 1 1 2 7 2 5 2 2 2 2 6 1 1 1
1 1 1 1 1 1 1 1 1 1 1 1 1 1 1
1 1 1 1 1 1 1 1 1 1 1 1 1 1 1
1 1 1 1 1 1 1 1 1 1 1 1 1 1 1
19
2 4 防具 20
7 4 金币 10
11 4 红钥匙 0
2 5 生命药 200
4 5 生命药 100
9 5 金币 10
2 6 红钥匙 0
6 7 生命药 100
7 7 红钥匙 0
8 7 生命药 100
6 8 红钥匙 0
7 8 武器 20
8 8 红钥匙 0
6 9 生命药 100
7 9 红钥匙 0
8 9 生命药 100
3 10 红钥匙 0
11 10 生命药 100
11 11 金币 10
9
64 企鹅 30 18 15 8
80 企鹅 30 18 15 8
86 客服 50 32 5 10
100 客服 50 32 5 10
115 客服 50 32 5 10
130 客服 50 32 5 10
146 客服 50 32 5 10
157 恐惧姐 380 70 40 18
171 熊猫 110 60 5 12
0
8
2 2 2 2 2 2 2 2 2 2 2 2 2 2 2
2 1 1 1 1 1 1 1 1 1 1 1 1 1 2
2 1 6 2 5 2 6 5 5 2 2 2 2 1 2
2 1 2 6 2 5 2 5 5 6 5 5 2 1 2
2 1 1 1 1 1 1 1 1 1 1 1 2 1 2
2 1 2 2 2 1 6 6 6 6 6 1 2 1 2
2 1 2 6 2 1 2 2 2 2 2 1 2 1 2
2 1 2 4 2 1 6 11 6 3 6 1 3 1 2
2 1 2 1 2 1 2 2 2 2 2 1 2 1 2
2 1 6 1 2 1 6 6 6 6 6 1 2 1 2
2 1 2 1 2 1 1 1 1 1 1 1 2 1 2
2 1 2 1 2 2 2 5 2 2 2 5 2 1 2
2 1 2 1 2 5 2 2 2 5 2 2 2 1 2
2 1 2 1 1 1 1 1 1 1 1 1 1 1 2
10 12 2 2 2 2 2 2 2 2 2 2 2 2 2
19
2 2 武器 5
6 2 生命药 50
3 3 蓝钥匙 0
9 3 红钥匙 0
6 5 生命药 100
7 5 红钥匙 0
8 5 金币 20
9 5 红钥匙 0
10 5 生命药 100
3 6 红钥匙 0
6 7 金币 20
8 7 防具 5
10 7 金币 20
2 9 红钥匙 0
6 9 生命药 100
7 9 红钥匙 0
8 9 金币 20
9 9 红钥匙 0
10 9 生命药 100
12
34 熊猫 110 60 5 12
37 客服 50 32 5 10
38 客服 50 32 5 10
50 熊猫 110 60 5 12
52 客服 50 32 5 10
53 客服 50 32 5 10
55 客服 50 32 5 10
56 客服 50 32 5 10
172 客服 50 32 5 10
176 客服 50 32 5 10
185 客服 50 32 5 10
189 客服 50 32 5 10
1
0 14 永雏塔菲 0 1 - 0 1 100 蓝钥匙 1
关注塔菲喵，关注塔菲谢谢喵
9
1 1 1 1 1 1 1 1 1 1 1 1 1 1 1
1 1 1 1 1 1 1 1 1 1 1 1 1 1 1
1 1 6 2 5 5 2 2 7 2 2 1 3 1 1
1 1 2 2 5 5 2 2 1 5 5 1 6 1 1
1 1 1 7 1 1 2 2 1 6 6 1 7 1 1
1 1 6 7 6 1 2 2 1 6 6 1 2 1 1
1 1 6 6 6 1 2 2 1 5 6 1 2 1 1
1 1 6 6 6 1 2 2 1 4 5 1 4 1 1
1 1 1 1 1 1 1 8 1 1 1 1 2 1 1
1 1 6 6 2 5 2 2 2 2 2 2 2 1 1
1 1 1 1 7 1 1 7 1 1 7 1 1 1 1
1 1 6 2 5 1 6 7 6 1 5 2 6 1 1
1 1 2 6 6 1 6 6 6 1 6 5 2 1 1
1 1 1 1 1 1 1 1 1 1 1 1 1 1 1
1 1 1 1 1 1 1 1 1 1 1 1 1 1 1
27
2 2 武器 2
12 3 红钥匙 0
9 4 生命药 50
10 4 生命药 50
2 5 防具 1
4 5 防具 1
9 5 生命药 50
10 5 生命药 50
2 6 防具 1
3 6 防具 1
4 6 防具 1
10 6 武器 2
2 7 防具 1
3 7 防具 1
4 7 防具 1
2 9 绿钥匙 0
3 9 生命药 400
2 11 生命药 100
6 11 生命药 100
8 11 生命药 100
12 11 生命药 100
3 12 武器 5
4 12 防具 3
6 12 金币 10
7 12 金币 10
8 12 金币 10
10 12 防具 3
12
34 熊猫 110 60 5 12
35 熊猫 110 60 5 12
49 熊猫 110 60 5 12
50 熊猫 110 60 5 12
54 大猫 260 45 15 15
55 大猫 260 45 15 15
99 恐惧姐 380 70 40 18
115 恐惧姐 380 70 40 18
140 恐惧姐 380 70 40 18
169 大猫 260 45 15 15
175 大猫 260 45 15 15
191 大猫 260 45 15 15
0
10
1 1 1 1 1 1 1 1 1 1 1 1 1 1 1
1 1 1 1 1 1 1 1 1 1 1 1 1 1 1
1 1 2 2 2 1 2 6 6 1 2 2 4 1 1
1 1 2 6 2 8 5 2 5 7 2 1 1 1 1
1 1 2 2 2 1 2 2 5 1 2 1 10 1 1
1 1 1 1 12 1 1 1 1 1 2 1 2 1 1
1 1 2 6 6 6 2 1 6 1 2 1 2 1 1
1 1 3 6 6 6 2 5 2 9 2 1 7 1 1
1 1 2 6 6 6 2 1 6 1 2 1 6 1 1
1 1 1 1 1 1 1 1 1 1 2 1 7 1 1
1 1 2 2 2 1 1 1 6 1 2 1 2 1 1
1 1 6 2 2 2 5 5 5 7 2 1 2 1 1
1 1 2 2 2 1 1 1 6 1 2 2 2 1 1
1 1 1 1 1 1 1 1 1 1 1 1 1 1 1
1 1 1 1 1 1 1 1 1 1 1 1 1 1 1
18
7 2 红钥匙 0
8 2 红钥匙 0
3 3 抹茶芭菲 0
3 6 生命药 50
4 6 生命药 50
5 6 红钥匙 0
8 6 生命药 200
3 7 生命药 50
4 7 生命药 50
5 7 红钥匙 0
3 8 生命药 50
4 8 生命药 50
5 8 红钥匙 0
8 8 生命药 200
12 8 红钥匙 0
8 10 红钥匙 0
2 11 蓝钥匙 0
8 12 红钥匙 0
7
51 狗狗 175 30 100 20
53 狗狗 175 30 100 20
68 狗狗 175 30 100 20
112 要乐奈 800 110 80 50
171 恐惧姐 380 70 40 18
172 恐惧姐 380 70 40 18
173 恐惧姐 380 70 40 18
1
12 4 乐奈她奶奶 0 1 临时护盾 1 1 0 绿钥匙 500
乐奈喜欢吃芭菲
11
1 1 1 1 1 1 1 1 1 1 1 1 6 6 6
1 1 1 1 1 1 1 1 1 1 1 6 6 6 6
1 1 2 2 2 2 2 2 2 2 6 6 6 6 6
1 1 2 2 2 2 2 2 2 6 6 6 6 6 1
1 1 2 2 2 2 2 2 6 6 6 6 6 1 1
1 1 6 6 2 2 2 6 6 6 6 6 2 1 1
1 1 6 6 6 2 6 6 6 6 6 2 2 1 1
1 1 4 6 6 6 6 6 6 6 2 2 3 1 1
1 1 2 2 6 6 6 6 6 2 2 2 2 1 1
1 1 2 2 6 6 6 6 2 2 2 2 2 1 1
1 1 2 6 6 6 6 6 6 2 2 2 2 1 1
1 1 6 6 6 2 2 6 6 6 2 2 2 1 1
6 6 6 6 2 2 2 2 6 6 2 2 2 1 1
6 6 6 1 1 1 1 1 1 1 1 1 1 1 1
6 6 6 1 1 1 1 1 1 1 1 1 1 1 1
77
12 0 武器 1
13 0 武器 1
14 0 武器 1
11 1 武器 1
12 1 武器 1
13 1 防具 1
14 1 武器 1
10 2 武器 1
11 2 武器 1
12 2 防具 1
13 2 武器 1
14 2 武器 1
9 3 武器 1
10 3 武器 1
11 3 防具 1
12 3 武器 1
13 3 武器 1
8 4 武器 1
9 4 武器 1
10 4 防具 1
11 4 武器 1
12 4 武器 1
2 5 武器 1
3 5 武器 1
7 5 武器 1
8 5 武器 1
9 5 防具 1
10 5 武器 1
11 5 武器 1
2 6 武器 1
3 6 防具 1
4 6 武器 1
6 6 武器 1
7 6 武器 1
8 6 防具 1
9 6 武器 1
10 6 武器 1
3 7 武器 1
4 7 防具 1
5 7 武器 1
6 7 武器 1
7 7 防具 1
8 7 武器 1
9 7 武器 1
4 8 武器 1
5 8 防具 1
6 8 武器 1
7 8 武器 1
8 8 武器 1
4 9 武器 1
5 9 防具 1
6 9 防具 1
7 9 武器 1
3 10 武器 1
4 10 防具 1
5 10 武器 1
6 10 武器 1
7 10 防具 1
8 10 武器 1
2 11 武器 1
3 11 防具 1
4 11 武器 1
7 11 武器 1
8 11 防具 1
9 11 武器 1
0 12 武器 1
1 12 武器 1
2 12 武器 1
3 12 武器 1
8 12 武器 1
9 12 武器 1
0 13 武器 1
1 13 防具 3
2 13 武器 1
0 14 武器 1
1 14 武器 1
2 14 武器 1
0
0
12
1 1 1 1 1 1 1 1 1 1 1 1 1 1 1
1 1 1 1 1 1 1 1 1 1 1 1 1 1 1
1 1 2 11 2 1 6 2 6 6 1 6 1 1 1
1 1 2 2 2 1 6 2 2 6 1 6 1 1 1
1 1 1 7 1 1 1 5 5 1 1 9 1 1 1
1 1 6 2 2 5 2 5 5 2 5 2 5 1 1
1 1 1 1 1 1 1 1 1 1 1 1 2 1 1
12 12 3 5 5 5 5 6 5 5 5 5 4 1 1
12 1 8 1 1 1 1 1 1 1 1 1 2 1 1
12 1 2 2 2 2 2 2 2 2 2 2 2 1 1
12 1 1 1 7 1 1 1 1 1 7 1 1 1 1
12 1 5 2 7 2 5 1 6 5 2 5 6 1 1
12 1 2 2 7 2 2 1 5 5 2 2 5 1 1
12 1 1 1 12 1 1 1 1 1 1 1 1 1 1
12 12 12 12 12 1 1 1 1 1 1 1 1 1 1
11
6 2 蓝钥匙 0
8 2 红钥匙 0
9 2 红钥匙 0
11 2 生命药 400
6 3 防具 3
9 3 红钥匙 0
11 3 幸运金币 0
2 5 生命药 50
7 7 万能钥匙 0
8 11 生命药 400
12 11 蓝钥匙 0
22
67 八幡海铃 2600 240 180 120
68 八幡海铃 2600 240 180 120
80 狗狗 175 30 100 20
82 小猫 25 8 1 3
83 小猫 25 8 1 3
85 狗狗 175 30 100 20
87 小猫 25 8 1 3
108 高松灯 1080 180 120 80
109 狗狗 175 30 100 20
110 高松灯 1080 180 120 80
111 椎名立希 2200 200 160 100
113 椎名立希 2200 200 160 100
114 高松灯 1080 180 120 80
115 狗狗 175 30 100 20
116 高松灯 1080 180 120 80
167 高松灯 1080 180 120 80
171 高松灯 1080 180 120 80
174 狗狗 175 30 100 20
176 高松灯 1080 180 120 80
188 狗狗 175 30 100 20
189 狗狗 175 30 100 20
192 高松灯 1080 180 120 80
0
13
1 1 1 1 1 1 1 1 1 1 1 1 1 1 1
1 1 1 1 1 1 1 1 1 1 1 1 1 1 1
1 1 2 2 2 2 2 2 2 2 2 2 2 1 1
1 1 2 2 2 2 2 2 2 2 2 2 2 1 1
1 1 2 2 2 2 2 2 2 2 2 2 2 1 1
1 1 2 2 2 2 2 2 2 2 2 2 2 1 1
1 1 2 2 2 2 2 2 2 2 2 2 2 1 1
1 1 4 2 2 2 2 2 2 2 2 2 2 1 1
1 1 2 2 2 2 2 2 2 2 2 2 2 1 1
1 1 2 2 2 2 2 2 2 2 2 2 2 1 1
1 1 2 2 2 2 2 2 2 2 2 2 2 1 1
1 1 2 2 2 2 2 2 2 2 2 2 2 1 1
1 1 2 2 2 2 2 2 2 2 2 2 2 1 1
1 1 1 1 1 1 1 1 1 1 1 1 1 1 1
1 1 1 1 1 1 1 1 1 1 1 1 1 1 1
0
0
0
SHOP
3
2 6 7 60 60 60 200 3 6
8 7 7 120 120 120 200 6 12
12 3 2 240 240 240 600 9 18
2 3 100 10 5 0
0 0 0
0 0 0
0
