CLASSIC50_MAP_V1
# level type id x y
1 2 1 0 -5
1 0 6 -5 4
1 0 6 -4 4
1 0 6 -3 4
1 0 6 -2 4
1 0 6 -1 4
1 0 6 0 4
1 0 6 1 4
1 0 6 2 4
1 0 6 3 4
1 0 6 4 4
1 0 6 -5 1
1 0 6 -3 1
1 0 6 -2 1
1 0 6 -2 -2
1 0 6 -3 -2
1 0 6 -5 -2
1 0 6 -2 -3
1 0 6 -1 -3
1 0 6 5 -3
1 0 6 1 -3
1 0 6 2 -3
1 0 6 3 -3
1 0 6 2 -4
1 0 6 2 -5
1 0 6 -2 -4
1 0 6 -2 -5
1 0 6 -2 2
1 0 6 -2 -1
1 0 6 -2 0
1 0 6 0 2
1 0 6 0 3
1 0 6 0 1
1 0 6 4 2
1 0 6 4 -1
1 0 6 4 3
1 0 6 4 1
1 0 6 4 0
1 0 6 0 -1
1 0 6 1 -1
1 0 6 2 -1
1 0 6 3 -1
1 0 6 2 1
1 0 6 1 1
1 0 1 3 1
1 0 1 -2 3
1 0 1 -4 1
1 0 1 -4 -2
1 0 1 0 -3
1 0 1 4 -3
1 0 1 0 0
1 0 7 -5 5
1 1 9 -4 -5
1 1 1 2 3
1 1 1 -1 -4
1 1 1 -3 -5
1 1 1 -3 -4
1 1 1 -5 0
1 1 8 1 2
1 1 7 1 3
1 1 6 4 -5
1 1 5 2 2
1 1 5 -5 3
1 1 5 -5 -4
1 1 5 -5 -5
1 3 4 2 0
1 3 6 -4 -1
1 3 5 -4 2
1 3 2 -2 5
1 3 1 3 -5
1 3 3 1 0
1 3 1 5 -5
1 3 1 -1 5
1 3 1 -3 5
1 3 3 3 0
1 3 3 4 -4
2 2 1 -5 4
2 0 7 -5 -5
2 0 8 -5 5
2 0 2 -3 5
2 1 6 -3 -4
2 1 1 -3 2
2 3 21 0 4
2 0 6 -1 0
2 0 6 -1 2
2 0 6 -2 0
2 0 6 -3 0
2 0 6 -4 0
2 0 6 -1 -1
2 0 6 -1 -3
2 0 6 -2 -3
2 0 6 -4 -3
2 0 6 -3 -3
2 0 6 -1 -4
2 0 6 -4 -1
2 0 6 -4 -2
2 0 6 -2 3
2 0 6 -4 3
2 0 6 -3 3
2 0 6 -4 2
2 0 6 -4 1
2 0 6 0 3
2 0 6 -1 3
2 0 6 -4 -4
2 0 6 -3 4
2 0 6 -2 4
2 0 6 2 3
2 0 6 3 3
2 0 6 4 3
2 0 6 5 3
2 0 6 4 4
2 0 6 5 4
2 0 6 -4 -5
2 0 6 3 2
2 0 6 5 0
2 0 6 4 0
2 0 6 3 0
2 0 6 3 -1
2 0 6 3 -3
2 0 6 4 -3
2 0 6 5 -3
2 0 11 3 1
2 0 6 3 -4
2 3 21 2 4
2 0 11 3 -5
2 1 1 -2 2
2 0 11 -1 1
2 1 1 -3 1
2 1 6 -3 -5
2 1 6 -2 -4
2 2 13 -3 -1
2 0 11 -1 -2
2 0 11 3 -2
2 0 11 -1 -5
2 2 32 5 2
2 2 33 5 -1
3 0 6 1 0
3 2 1 -4 -5
3 3 2 2 -4
3 3 1 1 1
3 3 4 4 -2
3 3 5 -5 -1
3 3 3 -3 1
3 1 1 -5 5
3 1 6 0 4
3 1 8 -4 5
3 1 7 -4 -3
3 1 5 -4 4
3 0 7 5 -5
3 0 8 -5 -5
3 0 1 -5 2
3 0 6 0 -1
3 0 6 1 -1
3 0 6 1 -2
3 0 6 1 -3
3 0 6 0 -4
3 0 6 1 -4
3 0 6 1 -5
3 0 6 -2 -4
3 0 6 -3 -4
3 0 6 -5 -4
3 0 6 -4 -4
3 0 6 -3 -3
3 0 6 -3 -2
3 0 6 -3 -1
3 0 6 -2 -1
3 0 6 -3 0
3 0 6 -4 0
3 0 6 1 2
3 0 6 0 2
3 0 6 -2 2
3 0 6 -3 2
3 0 6 -3 3
3 0 6 -4 2
3 0 6 -3 4
3 0 6 -3 5
3 0 6 1 5
3 0 6 1 4
3 0 6 1 3
3 0 6 5 3
3 0 6 3 2
3 0 6 3 3
3 0 6 4 3
3 0 6 3 5
3 0 6 5 0
3 0 6 4 0
3 0 6 3 -1
3 0 6 3 0
3 0 6 5 -3
3 0 6 4 -3
3 0 6 3 -4
3 0 6 3 -3
3 0 1 -5 0
3 0 1 3 -2
3 0 1 3 4
3 0 1 3 -5
3 1 5 5 5
3 1 5 5 -1
3 1 5 -5 -3
3 1 6 -1 5
3 1 6 -2 4
3 1 1 -4 -2
3 1 1 5 -2
3 1 1 -1 4
3 1 1 -2 5
3 1 1 -2 3
3 1 1 0 3
3 1 1 0 5
3 1 2 -1 3
3 3 3 4 4
3 3 4 -5 3
3 0 10 -1 -3
3 2 3 5 2
4 0 6 0 0
4 0 6 -1 0
4 0 6 -2 0
4 0 6 1 0
4 0 6 2 0
4 0 6 3 0
4 0 6 4 0
4 0 6 5 0
4 0 6 -2 3
4 0 6 -1 2
4 0 6 -2 2
4 0 6 1 2
4 0 6 2 2
4 0 6 3 2
4 0 6 2 3
4 0 6 5 2
4 0 6 2 4
4 0 6 2 5
4 0 6 -2 5
4 0 6 -2 4
4 0 6 -5 2
4 0 6 -3 2
4 0 6 -1 -2
4 0 6 0 -2
4 0 6 1 -2
4 0 6 0 -5
4 0 6 0 -4
4 0 6 0 -3
4 0 6 3 -2
4 0 6 4 -2
4 0 6 4 -5
4 0 6 4 -4
4 0 6 4 -3
4 0 6 -4 -2
4 0 6 -4 -5
4 0 6 -4 -4
4 0 6 -4 -3
4 0 6 -3 -2
4 0 1 -2 1
4 0 1 -4 2
4 0 1 4 2
4 0 1 5 -2
4 0 1 2 -2
4 0 1 -2 -2
4 0 1 -5 -2
4 0 8 5 -5
4 0 7 -5 -5
4 0 2 0 2
4 3 6 4 3
4 3 5 3 1
4 3 4 -4 1
4 3 2 0 1
4 3 1 2 -5
4 3 3 -2 -3
4 3 2 -5 -1
4 3 1 -2 -5
4 3 1 -3 -4
4 3 4 2 -3
4 2 5 4 5
4 2 15 0 5
4 3 1 -3 -1
4 2 1 5 -4
4 1 7 1 -4
4 1 2 -4 5
4 1 1 -3 4
4 1 6 5 4
4 1 5 -5 4
4 1 5 3 -4
4 1 1 -1 -4
4 1 1 -1 -5
4 1 1 -3 -5
4 1 1 3 4
5 1 11 -2 -3
5 1 24 5 -5
5 2 1 -4 -5
5 3 2 5 -1
5 3 3 -3 3
5 3 4 -3 1
5 3 1 0 -2
5 3 6 -4 -1
5 1 1 -5 0
5 1 8 -5 -3
5 1 5 -3 -3
5 0 7 -5 5
5 0 8 -5 -5
5 0 1 -1 5
5 0 12 3 -5
5 0 6 -1 0
5 0 6 -1 1
5 0 6 -1 -1
5 0 6 1 -1
5 0 6 1 1
5 0 6 2 -1
5 0 6 4 -1
5 0 6 3 -1
5 0 6 1 -3
5 0 6 1 -2
5 0 6 1 -4
5 0 6 1 -5
5 0 6 3 -4
5 0 6 3 -3
5 0 6 4 1
5 0 6 4 -3
5 0 6 5 -3
5 0 6 2 1
5 0 6 3 1
5 0 6 1 5
5 0 6 1 2
5 0 6 1 4
5 0 6 1 3
5 0 6 4 2
5 0 6 4 3
5 0 6 4 4
5 0 6 -1 -4
5 0 6 -1 -2
5 0 6 -1 -3
5 0 6 -2 -4
5 0 6 -4 -4
5 0 6 -3 -4
5 0 6 -5 -4
5 0 6 -2 -1
5 0 6 -3 -1
5 0 6 -1 2
5 0 6 -5 -1
5 0 6 -3 2
5 0 6 -4 2
5 0 6 -5 2
5 0 6 -4 4
5 0 6 -4 5
5 0 6 -1 3
5 0 6 -1 4
5 0 1 -4 3
5 0 1 -2 2
5 0 1 4 5
5 0 1 2 -3
5 1 1 -5 1
5 1 1 0 4
5 1 1 2 3
5 1 1 3 3
5 1 1 3 2
5 1 1 2 2
5 1 1 -4 -3
5 3 1 1 0
5 3 1 2 4
5 3 1 3 4
5 3 3 -2 0
5 3 3 0 2
5 3 2 5 4
5 3 2 -2 5
6 0 1 -3 2
6 0 1 -4 2
6 0 1 5 4
6 0 1 -5 -4
6 0 1 4 -2
6 0 1 2 -2
6 0 1 1 -2
6 1 1 -2 5
6 1 1 -3 4
6 1 1 -2 4
6 1 1 3 5
6 1 1 0 0
6 1 5 2 3
6 3 4 -5 -2
6 3 4 1 5
6 3 1 4 5
6 3 2 3 -3
6 3 2 5 -3
6 3 2 -3 0
6 3 2 -2 3
6 3 1 -4 -5
6 3 4 -2 0
6 2 1 -5 4
6 1 8 -2 -3
6 1 5 2 -5
6 1 1 -3 5
6 0 1 -1 2
6 0 8 -5 5
6 0 7 5 -5
6 0 6 -1 1
6 0 6 1 1
6 0 6 -1 -1
6 0 6 1 -1
6 0 6 -2 1
6 0 6 -3 1
6 0 6 -4 1
6 0 6 -3 3
6 0 6 -4 3
6 0 6 -4 4
6 0 6 -4 5
6 0 6 -1 3
6 0 6 -1 4
6 0 6 -1 5
6 0 6 1 2
6 0 6 1 3
6 0 6 1 4
6 0 6 4 4
6 0 6 3 4
6 0 6 2 4
6 0 6 5 1
6 0 6 4 1
6 0 6 3 1
6 0 6 2 1
6 0 6 -5 -1
6 0 6 -2 -1
6 0 6 -3 -1
6 0 6 -4 -1
6 0 6 -1 -4
6 0 6 -1 -3
6 0 6 -1 -2
6 0 6 -2 -4
6 0 6 -3 -4
6 0 6 -4 -4
6 0 6 4 -1
6 0 6 3 -1
6 0 6 2 -1
6 0 6 1 -3
6 0 6 2 -3
6 0 6 1 -5
6 0 6 1 -4
6 0 6 4 -3
6 0 6 4 -5
6 0 6 4 -4
6 1 5 3 -5
6 3 3 5 2
6 3 6 3 0
6 3 5 -1 -5
6 3 5 4 3
6 3 5 2 0
6 3 3 -4 -3
6 2 7 2 2
6 2 4 -2 -2
7 0 1 1 -1
7 0 1 -1 -1
7 0 1 -3 1
7 0 1 -3 -1
7 0 1 -5 -1
7 0 1 -5 1
7 0 1 5 1
7 0 1 5 -1
7 0 2 -1 1
7 0 1 1 1
7 2 8 0 5
7 1 7 -3 5
7 1 6 1 -5
7 1 5 3 3
7 1 1 -1 -4
7 3 6 3 -1
7 3 5 3 1
7 3 4 1 -4
7 3 2 5 4
7 3 1 5 5
7 3 3 -1 -3
7 2 1 5 -4
7 0 8 5 -5
7 0 7 -5 5
7 0 6 0 1
7 0 6 0 2
7 0 6 0 3
7 0 6 -2 1
7 0 6 -2 2
7 0 6 -2 3
7 0 6 -2 5
7 0 6 -2 4
7 0 6 -4 3
7 0 6 -4 2
7 0 6 -4 1
7 0 6 -4 4
7 0 6 -4 5
7 0 6 2 5
7 0 6 2 4
7 0 6 2 1
7 0 6 2 2
7 0 6 2 3
7 0 6 4 3
7 0 6 4 2
7 0 6 4 1
7 0 6 4 4
7 0 6 4 5
7 0 6 4 -1
7 0 6 4 -2
7 0 6 4 -5
7 0 6 4 -4
7 0 6 4 -3
7 0 6 2 -3
7 0 6 2 -4
7 0 6 2 -5
7 0 6 2 -2
7 0 6 2 -1
7 0 6 0 -3
7 0 6 0 -4
7 0 6 0 -5
7 0 6 0 -2
7 0 6 0 -1
7 0 6 -2 -1
7 0 6 -2 -2
7 0 6 -2 -5
7 0 6 -2 -4
7 0 6 -2 -3
7 0 6 -4 -3
7 0 6 -4 -4
7 0 6 -4 -2
7 0 6 -4 -1
7 3 2 1 -3
7 3 2 -4 -5
7 3 1 5 3
7 3 1 -3 -4
7 3 1 -5 -4
7 3 2 -1 3
7 3 3 -3 3
7 3 4 -2 0
7 3 6 -4 0
7 3 6 1 3
7 1 1 -1 -5
7 1 1 3 -5
7 1 1 3 -4
7 1 1 3 4
7 1 1 3 5
7 1 5 -3 4
7 1 6 3 -3
8 0 2 -3 -5
8 0 7 0 5
8 0 8 -5 5
8 0 1 -3 5
8 0 6 0 -1
8 2 1 -5 4
8 0 6 0 0
8 0 6 0 1
8 0 6 -1 1
8 0 6 -2 1
8 0 6 -3 1
8 0 6 -4 1
8 0 6 -4 2
8 0 6 -4 3
8 0 6 -2 3
8 0 6 -1 3
8 0 6 -3 3
8 0 6 2 3
8 0 6 1 3
8 0 6 2 4
8 0 6 2 5
8 0 6 -2 4
8 0 6 -3 4
8 0 6 -2 -1
8 0 6 -3 -1
8 0 6 -5 -1
8 0 6 -4 -1
8 0 6 -3 -3
8 0 6 -4 -3
8 0 6 -2 -3
8 0 6 -1 -3
8 0 6 -3 -4
8 0 6 0 -5
8 0 6 0 -4
8 0 6 0 -3
8 0 6 4 -3
8 0 6 3 -3
8 0 6 1 -3
8 0 6 2 -3
8 0 6 3 -4
8 0 6 5 -1
8 0 6 3 -1
8 0 6 2 -1
8 0 6 2 0
8 0 6 2 1
8 0 6 2 2
8 0 6 3 2
8 0 6 5 2
8 0 1 -2 5
8 0 1 -5 3
8 0 1 0 3
8 0 1 -1 -1
8 0 1 -5 -3
8 0 1 5 -3
8 0 1 3 -5
8 0 1 4 -1
8 1 3 4 4
8 1 5 -5 1
8 1 6 3 3
8 1 2 1 -4
8 1 1 -3 2
8 1 8 -1 -5
8 1 7 -2 -4
8 0 4 4 2
8 3 7 3 1
8 3 2 -2 0
8 3 1 -3 0
8 3 3 -4 -5
8 3 5 0 -2
8 3 6 4 -5
8 3 4 1 1
8 3 4 2 -2
8 3 5 5 -4
8 3 3 1 -1
8 3 2 -4 0
8 3 1 -5 -4
8 3 7 5 1
8 3 1 1 4
8 1 1 -2 2
8 1 1 -1 2
8 1 1 -1 -4
8 1 1 -2 -5
8 1 1 1 -5
8 1 1 3 5
8 1 1 5 5
8 1 5 2 -4
8 1 5 5 3
9 3 6 -5 3
9 3 2 1 0
9 3 1 3 5
9 3 4 5 -3
9 3 5 -1 -4
9 3 3 -3 1
9 1 7 0 1
9 1 8 -5 1
9 1 1 1 2
9 1 5 5 5
9 0 2 -3 -5
9 0 1 -2 5
9 0 7 -5 -5
9 0 8 0 5
9 0 6 0 0
9 0 6 -1 0
9 0 6 -2 0
9 0 6 -3 0
9 0 6 -5 0
9 0 6 -4 0
9 0 6 0 -1
9 0 6 0 -2
9 0 6 0 -3
9 0 6 0 -4
9 0 6 -3 -3
9 0 6 -4 -3
9 0 6 -3 -4
9 0 6 -3 -2
9 0 6 -2 -3
9 0 6 -2 2
9 0 6 -3 3
9 0 6 -2 3
9 0 6 -2 4
9 0 6 -1 3
9 0 6 -4 3
9 0 6 3 3
9 0 6 2 4
9 0 6 2 3
9 0 6 1 3
9 0 6 4 3
9 0 6 2 1
9 0 6 3 1
9 0 6 5 1
9 0 6 2 0
9 0 6 2 -1
9 0 6 2 -3
9 0 6 2 -2
9 0 6 2 -4
9 0 6 3 -2
9 0 6 4 -2
9 0 6 4 -1
9 0 1 2 5
9 0 1 -2 1
9 0 1 2 2
9 0 1 3 2
9 0 1 5 -2
9 0 1 2 -5
9 0 1 0 -5
9 0 1 -1 -3
9 0 1 -3 -1
9 0 1 -5 -3
9 0 2 0 3
9 1 5 -4 -4
9 1 5 5 -5
9 1 1 -1 2
9 1 1 -4 4
9 1 1 -4 2
9 1 1 -1 -1
9 1 1 -5 -1
9 1 1 3 -3
9 3 5 4 -4
9 3 4 3 -5
9 3 5 -3 5
9 3 1 4 4
9 3 6 5 0
9 3 6 -2 -1
9 3 6 -5 -2
9 3 3 1 -4
9 1 25 3 -1
9 2 1 0 4
9 0 12 4 1
10 3 6 -4 2
10 3 4 -2 -5
10 3 5 -5 0
10 1 7 4 0
10 0 6 -1 -1
10 0 6 -1 0
10 0 6 -2 0
10 0 6 -3 1
10 0 6 -5 1
10 0 6 -4 1
10 0 6 1 -1
10 0 6 -1 -2
10 0 6 -1 -3
10 0 6 1 -3
10 0 6 -2 -2
10 0 6 -4 -3
10 0 6 -2 -4
10 0 6 -2 -1
10 0 6 -2 -3
10 0 6 -2 1
10 0 6 -3 4
10 0 6 -2 3
10 0 6 -2 4
10 0 6 -1 3
10 0 6 -5 4
10 0 6 3 4
10 0 6 2 4
10 0 6 2 3
10 0 6 1 3
10 0 6 4 4
10 0 6 2 1
10 0 6 3 1
10 0 6 4 1
10 0 6 5 1
10 0 6 2 0
10 0 6 2 -1
10 0 6 2 -3
10 0 6 2 -2
10 0 6 2 -4
10 0 6 1 -2
10 0 6 4 -4
10 0 6 4 -3
10 0 1 3 -3
10 0 1 -3 -3
10 0 1 -5 -3
10 3 5 3 0
10 3 4 2 -5
10 3 5 -5 3
10 3 6 4 -1
10 3 6 -4 -1
10 0 6 -4 -4
10 0 6 -4 -5
10 0 6 4 -5
10 3 5 5 0
10 3 5 -3 0
10 1 8 -4 0
10 0 6 1 0
10 0 1 5 -3
10 0 6 -4 4
10 0 6 5 4
10 3 5 -4 3
10 3 5 -3 3
10 3 6 4 2
10 3 5 3 3
10 3 5 4 3
10 3 5 5 3
10 2 1 -5 -4
10 1 6 5 -5
10 0 4 -2 2
10 0 3 0 -3
10 0 4 2 2
10 3 8 0 2
10 0 13 0 1
10 0 8 -5 -5
11 2 1 0 -4
11 1 5 4 5
11 1 6 2 -5
11 1 1 5 5
11 1 7 -1 5
11 1 27 -4 4
11 0 6 1 0
11 0 6 -2 0
11 0 6 -1 0
11 0 6 -2 1
11 0 6 -2 2
11 0 6 -2 3
11 0 6 -2 5
11 0 6 -2 4
11 0 6 -3 2
11 0 6 -5 2
11 0 6 1 2
11 0 6 1 4
11 0 6 1 3
11 0 6 0 3
11 0 6 3 4
11 0 6 3 5
11 0 6 3 2
11 0 6 4 2
11 0 6 2 2
11 0 6 3 -2
11 0 6 4 -1
11 0 6 4 -2
11 0 6 4 0
11 0 6 4 1
11 0 6 1 -2
11 0 6 2 -2
11 0 6 0 -2
11 0 6 -1 -2
11 0 6 -3 -2
11 0 6 -2 -2
11 0 6 -5 -2
11 0 6 -1 -4
11 0 6 -1 -5
11 0 6 1 -4
11 0 6 1 -5
11 0 6 2 -4
11 0 6 4 -4
11 0 6 4 -5
11 0 1 1 -1
11 0 1 1 1
11 0 1 -1 3
11 0 1 1 5
11 0 1 3 3
11 1 5 3 0
11 3 11 -3 1
11 3 11 2 1
11 3 9 2 -1
11 3 9 5 2
11 3 12 -1 1
11 3 10 3 -5
11 0 1 3 -4
11 1 6 -5 -1
11 3 10 -2 -1
11 3 3 0 4
11 1 1 -5 -4
11 1 1 -5 -5
11 1 1 -4 -5
11 1 1 -3 -5
11 1 1 -2 -5
11 3 10 -4 -3
11 3 10 5 -2
11 0 7 5 -5
11 0 8 0 -5
11 0 6 0 0
11 0 4 -4 2
11 0 2 -4 -2
11 0 1 -1 -3
11 3 9 -2 -3
11 3 12 2 4
11 3 11 -5 1
11 3 10 0 2
11 3 3 4 -3
12 0 12 4 5
12 0 6 2 -2
12 1 7 0 5
12 1 6 0 -1
12 1 2 -4 -2
12 1 8 4 0
12 1 1 -5 -1
12 1 5 -1 -4
12 0 8 5 -5
12 0 7 -5 -5
12 0 2 3 -2
12 0 1 0 2
12 2 1 4 -5
12 3 9 3 -3
12 3 3 2 -5
12 3 10 -3 4
12 3 11 1 3
12 3 12 0 1
12 0 6 -2 0
12 0 6 2 1
12 0 6 -2 2
12 0 6 -2 -1
12 0 6 2 -1
12 0 6 -1 2
12 0 6 2 2
12 0 6 2 3
12 0 6 1 2
12 0 1 -2 1
12 0 6 2 5
12 0 6 2 4
12 0 6 4 2
12 0 6 3 2
12 0 6 4 4
12 0 6 5 4
12 0 12 5 5
12 0 6 4 -2
12 0 1 5 -2
12 0 1 2 0
12 0 6 -2 3
12 0 6 -2 4
12 0 6 -2 5
12 0 6 0 4
12 0 6 -3 2
12 0 6 -4 4
12 0 6 -5 4
12 0 12 -4 5
12 0 6 -4 2
12 0 1 -5 2
12 0 6 -3 0
12 0 6 -4 0
12 0 6 -5 0
12 0 6 0 -2
12 0 6 1 -2
12 0 6 -1 -2
12 0 6 -2 -2
12 0 6 -2 -3
12 0 6 -2 -4
12 0 6 -5 -4
12 0 6 -4 -4
12 0 6 2 -3
12 0 6 2 -4
12 0 6 3 -4
12 0 6 5 -4
12 3 12 4 3
12 3 12 -3 -3
12 0 1 -3 -4
12 3 11 -1 3
12 3 11 1 0
12 3 11 -4 1
12 3 9 5 -1
12 3 10 5 1
12 3 3 -2 -5
12 1 5 1 -4
12 1 5 3 1
12 1 1 -4 -1
12 1 1 -5 -2
12 1 1 -1 5
12 1 1 1 5
12 1 1 3 -1
12 2 10 5 5
12 2 9 -5 5
12 2 16 0 -3
13 0 1 0 -4
13 1 32 0 1
13 2 1 -4 -5
13 0 7 5 -5
13 0 8 -5 -5
13 0 15 0 0
13 0 6 -1 0
13 0 6 -1 1
13 0 6 0 2
13 0 6 0 3
13 0 6 -1 2
13 0 6 -1 3
13 0 6 1 3
13 0 6 1 2
13 0 6 1 2
13 0 6 1 3
13 0 6 1 1
13 0 15 0 -1
13 0 6 -1 -1
13 0 6 1 0
13 0 6 1 -1
13 0 6 2 2
13 0 6 2 2
13 0 6 2 1
13 0 6 -2 1
13 0 6 -2 2
13 0 6 -2 2
13 0 15 -3 -2
13 0 15 -2 -2
13 0 15 -2 -1
13 0 15 -3 -1
13 0 15 3 1
13 0 15 3 0
13 0 15 3 -1
13 0 15 2 -1
13 0 6 -2 0
13 0 15 3 -2
13 0 15 2 -2
13 0 6 2 0
13 0 15 -1 -2
13 0 15 0 -2
13 0 15 1 -2
13 0 15 -3 1
13 0 15 -3 2
13 0 15 -3 3
13 0 15 -3 0
13 0 15 -2 3
13 0 15 2 3
13 0 15 3 3
13 0 15 3 2
13 0 6 1 -4
13 0 6 2 -4
13 0 15 -4 -2
13 0 15 -4 -1
13 0 15 -4 0
13 0 15 -4 3
13 0 15 -4 2
13 0 15 -4 1
13 0 15 -5 1
13 0 15 -5 2
13 0 15 -5 3
13 0 15 -5 0
13 0 15 -5 -1
13 0 15 -5 -2
13 0 15 5 1
13 0 15 5 2
13 0 15 5 3
13 0 15 5 0
13 0 15 5 -1
13 0 15 5 -2
13 0 15 4 -2
13 0 15 4 -1
13 0 15 4 0
13 0 15 4 3
13 0 15 4 2
13 0 15 4 1
13 0 15 -3 -3
13 0 15 -2 -3
13 0 15 2 -3
13 0 15 3 -3
13 0 15 0 -3
13 0 15 -1 -3
13 0 15 1 -3
13 0 15 -4 -3
13 0 15 -5 -3
13 0 15 4 -3
13 0 15 5 -3
13 0 15 -3 5
13 0 15 -2 5
13 0 15 2 5
13 0 15 3 5
13 0 15 0 5
13 0 15 -1 5
13 0 15 1 5
13 0 15 -4 5
13 0 15 -5 5
13 0 15 4 5
13 0 15 5 5
13 0 15 5 4
13 0 15 4 4
13 0 15 -5 4
13 0 15 -4 4
13 0 15 1 4
13 0 15 -1 4
13 0 15 0 4
13 0 15 3 4
13 0 15 2 4
13 0 15 -2 4
13 0 15 -3 4
13 0 6 3 -4
13 0 6 4 -4
13 0 6 5 -4
13 0 6 -5 -4
13 0 6 -4 -4
13 0 6 -2 -4
13 0 6 -3 -4
13 0 6 -1 -4
14 1 3 -5 3
14 3 11 -5 -3
14 3 9 -1 4
14 3 12 -2 -2
14 3 14 0 1
14 3 10 2 1
14 3 13 -5 5
14 2 1 5 -4
14 0 7 0 -5
14 0 8 5 -5
14 1 5 1 5
14 1 8 -1 5
14 1 2 -5 -5
14 1 1 0 5
14 0 16 -5 3
14 0 12 0 -3
14 0 2 -1 2
14 0 1 0 0
14 0 6 -1 0
14 0 6 1 0
14 0 1 0 -2
14 0 1 3 -3
14 0 6 2 -3
14 0 6 1 -3
14 0 6 -1 -3
14 0 6 4 -3
14 0 6 -2 -3
14 0 6 -2 -4
14 0 1 -2 -5
14 0 6 2 -4
14 0 6 2 -5
14 0 2 -4 2
14 0 1 -5 -1
14 0 1 5 -1
14 0 1 4 3
14 0 6 5 -3
14 0 6 -5 2
14 0 6 -3 2
14 0 6 -2 2
14 0 6 -2 3
14 0 6 -2 4
14 0 6 -2 5
14 0 6 0 2
14 0 6 0 3
14 0 6 0 4
14 0 6 2 2
14 0 6 2 3
14 0 6 2 4
14 0 6 2 5
14 0 1 1 2
14 0 6 3 3
14 0 6 5 3
14 0 6 3 -1
14 0 6 4 -1
14 0 6 2 0
14 0 6 2 -1
14 0 6 -2 -1
14 0 6 -2 0
14 0 1 -3 -1
14 0 6 -4 -1
14 0 6 -4 -2
14 0 6 -4 -3
14 0 6 -4 -5
14 0 6 -4 -4
14 1 1 3 5
14 1 1 4 5
14 1 1 5 5
14 1 1 5 4
14 1 5 -5 1
14 1 5 3 0
14 1 5 -1 -4
14 3 13 -3 5
14 3 13 -4 4
14 3 13 1 4
14 3 13 4 2
14 3 10 -2 1
14 3 12 5 0
14 3 9 2 -2
14 3 9 4 -2
14 3 11 -3 -3
14 3 9 -4 0
15 1 8 -5 5
15 1 6 5 -2
15 1 2 -3 0
15 1 1 -3 1
15 3 3 4 -4
15 3 12 -5 4
15 3 13 -4 5
15 3 9 5 4
15 3 11 -4 -5
15 3 10 -5 -4
15 0 8 0 -5
15 0 7 0 5
15 2 1 0 -4
15 0 1 -2 5
15 0 6 -2 0
15 0 6 2 0
15 0 6 -2 2
15 0 6 2 2
15 0 6 2 -2
15 0 6 -2 -2
15 0 6 -2 -1
15 0 6 2 -1
15 0 6 2 1
15 0 6 -2 1
15 0 6 -2 3
15 0 6 -1 3
15 0 6 1 3
15 0 6 2 3
15 0 6 2 4
15 0 6 -2 4
15 0 6 2 5
15 0 6 3 3
15 0 6 4 3
15 0 6 2 -3
15 0 6 1 -3
15 0 6 -1 -3
15 0 6 -2 -3
15 0 6 -2 -4
15 0 6 -2 -5
15 0 6 2 -4
15 0 6 4 -3
15 0 6 5 -3
15 0 6 4 -2
15 0 6 4 -1
15 0 6 4 0
15 0 6 -4 -4
15 0 6 -4 -2
15 0 6 -4 0
15 0 6 -4 1
15 0 6 -4 -1
15 0 6 -4 2
15 0 6 -3 2
15 0 1 -5 2
15 0 1 -4 -3
15 0 1 2 -5
15 0 1 3 -3
15 0 1 3 0
15 0 1 5 3
15 3 3 3 -5
15 3 9 -3 3
15 3 9 -5 -1
15 3 10 -3 -4
15 3 10 3 2
15 3 10 4 1
15 3 11 5 0
15 1 1 -3 -1
15 1 13 0 1
15 0 5 0 3
15 2 11 5 -5
15 3 15 0 1
15 2 14 3 5
16 0 6 -2 2
16 0 6 -3 2
16 0 6 -2 3
16 0 6 -2 1
16 0 6 -4 2
16 0 6 -5 2
16 0 6 3 2
16 0 6 2 2
16 0 6 1 2
16 0 6 2 3
16 0 6 2 1
16 0 6 5 2
16 0 6 2 5
16 0 6 -2 5
16 0 6 -5 -2
16 0 6 2 -2
16 0 6 2 0
16 0 6 2 -1
16 0 6 -1 -2
16 0 6 -2 -2
16 0 6 -3 -2
16 0 6 -2 -1
16 0 6 -2 -3
16 0 6 -2 -5
16 0 6 1 -2
16 0 6 2 -3
16 0 6 3 -2
16 0 6 5 -2
16 0 6 2 -5
16 0 1 -2 4
16 0 6 -1 2
16 0 1 2 4
16 0 1 4 2
16 0 1 4 -2
16 0 1 0 -2
16 0 1 -2 -4
16 0 1 2 -4
16 0 1 -2 0
16 0 6 5 -4
16 0 6 4 -4
16 3 12 -1 3
16 3 13 0 0
16 3 11 -4 4
16 3 9 -4 -3
16 3 14 -3 0
16 3 10 -4 5
16 2 1 0 4
16 1 2 5 -1
16 1 1 -5 5
16 1 8 -5 -1
16 1 7 -5 1
16 1 5 -5 0
16 0 8 0 5
16 0 7 0 -5
16 0 2 0 2
16 0 12 -4 -2
16 0 12 4 -5
16 0 12 5 -5
16 1 1 -5 3
16 1 1 -5 4
16 1 1 -4 1
16 1 1 -4 -1
16 1 1 1 -1
16 1 1 1 3
16 1 5 -1 1
16 1 5 5 3
16 3 10 -4 3
16 3 10 5 5
16 3 10 -1 -3
16 3 10 1 -3
16 3 10 3 -1
16 3 11 4 -3
16 3 9 3 4
16 3 12 4 1
16 2 18 5 -5
16 2 17 -5 -5
16 3 20 3 -5
17 1 5 -5 -5
17 1 8 5 5
17 1 7 3 5
17 1 6 4 4
17 1 1 3 3
17 1 26 -4 4
17 1 5 5 -5
17 2 1 -1 -5
17 3 9 1 -1
17 3 11 0 -3
17 3 13 3 1
17 3 12 3 -2
17 3 7 -5 1
17 3 10 1 3
17 0 7 0 5
17 0 8 0 -5
17 0 2 1 1
17 0 1 -1 1
17 0 4 -4 -1
17 0 1 -4 -4
17 0 1 4 -4
17 0 4 -4 2
17 0 4 4 -1
17 0 4 4 2
17 3 13 -1 3
17 3 13 5 1
17 3 12 5 -2
17 3 12 -1 -1
17 3 7 -3 1
17 3 7 -5 -2
17 3 7 -3 -2
17 3 10 -2 -5
17 3 10 2 -5
17 1 1 5 3
17 0 6 -5 2
17 0 6 -3 2
17 0 6 -5 -1
17 0 6 -3 -1
17 0 6 -3 -4
17 0 6 -5 -4
17 0 6 -1 -3
17 0 6 1 -3
17 0 6 5 -4
17 0 6 3 -4
17 0 6 3 -1
17 0 6 5 -1
17 0 6 5 2
17 0 6 3 2
17 0 6 -2 5
17 0 6 -2 3
17 0 6 -2 4
17 0 6 -2 2
17 0 6 -2 1
17 0 6 -2 -1
17 0 6 -2 0
17 0 6 -2 -2
17 0 6 -2 -3
17 0 6 -2 -4
17 0 6 0 3
17 0 6 0 1
17 0 6 0 2
17 0 6 0 0
17 0 6 0 -1
17 0 6 2 5
17 0 6 2 3
17 0 6 2 4
17 0 6 2 2
17 0 6 2 -2
17 0 6 2 0
17 0 6 2 -1
17 0 6 2 1
17 0 6 2 -3
17 0 6 2 -4
18 1 2 5 3
18 1 8 4 -5
18 1 5 -5 -5
18 1 7 -4 -5
18 1 1 -1 -5
18 3 12 3 2
18 0 7 -5 5
18 0 8 0 5
18 0 2 0 0
18 0 1 -2 2
18 0 6 -1 0
18 0 12 0 3
18 3 10 -2 -3
18 3 9 1 -3
18 3 11 3 5
18 3 13 -1 2
18 3 14 -3 1
18 2 19 -3 4
18 2 1 0 4
18 0 6 -2 0
18 0 6 -2 1
18 0 6 -3 0
18 0 6 3 0
18 0 6 2 0
18 0 6 2 1
18 0 6 1 0
18 0 6 -4 0
18 0 6 -5 0
18 0 6 4 0
18 0 6 5 0
18 0 6 1 3
18 0 6 2 4
18 0 6 2 3
18 0 6 -1 3
18 0 6 -2 3
18 0 6 -2 4
18 0 6 -3 3
18 0 6 -4 3
18 0 6 1 -2
18 0 6 0 -2
18 0 6 -1 -2
18 0 6 0 -3
18 0 6 0 -4
18 0 6 0 -5
18 0 6 -4 -2
18 0 6 -3 -2
18 0 6 -3 -4
18 0 6 -3 -3
18 0 6 -3 -5
18 0 6 3 -2
18 0 6 4 -2
18 0 6 3 -4
18 0 6 3 -3
18 0 6 3 -5
18 0 1 -5 3
18 0 1 2 5
18 0 1 2 2
18 0 1 -2 -2
18 0 1 -5 -2
18 0 1 2 -2
18 0 1 5 -2
18 0 2 -2 5
18 3 13 1 2
18 3 10 -1 -3
18 3 10 -2 -4
18 3 10 -1 -4
18 3 10 4 1
18 3 14 -5 1
18 3 14 4 -1
18 3 11 -5 -3
18 3 11 5 -3
18 3 9 2 -3
18 3 9 2 -4
18 3 9 1 -4
18 3 9 4 4
18 1 1 -4 -4
18 1 1 1 -5
18 1 1 4 -4
18 1 5 5 -5
18 1 1 5 1
18 1 1 5 2
18 1 1 5 4
18 1 1 5 5
18 1 5 -4 2
18 3 12 -4 -1
19 2 1 -5 4
19 0 2 0 -1
19 0 1 4 3
19 0 6 -1 3
19 0 8 -5 5
19 0 7 0 -5
19 0 12 0 3
19 0 12 0 2
19 0 1 5 -1
19 0 1 -5 3
19 0 1 -5 0
19 0 1 -5 -3
19 0 1 -2 -4
19 0 1 2 -5
19 0 6 0 4
19 0 6 1 3
19 0 6 0 1
19 0 6 -3 5
19 0 6 -3 4
19 0 6 -3 3
19 0 6 -3 2
19 0 6 -3 1
19 0 6 -3 0
19 0 6 -3 -1
19 0 6 -4 3
19 0 6 -4 0
19 0 6 -2 -1
19 0 6 -1 -1
19 0 6 1 -1
19 0 6 2 -1
19 0 6 3 -1
19 0 6 4 -1
19 0 6 3 5
19 0 6 3 4
19 0 6 3 3
19 0 6 3 2
19 0 6 3 1
19 0 6 3 0
19 0 6 5 3
19 0 6 -2 -3
19 0 6 -3 -3
19 0 6 -4 -3
19 0 6 -1 -3
19 0 6 -4 -4
19 0 6 -2 -5
19 0 6 2 -3
19 0 6 1 -3
19 0 6 4 -4
19 0 6 3 -4
19 0 6 2 -4
19 1 19 0 3
19 1 7 5 5
19 1 2 2 5
19 1 1 2 1
19 1 5 -2 5
19 3 14 1 0
19 3 11 0 5
19 3 13 2 3
19 3 12 5 -2
19 3 9 -5 -5
19 3 10 -5 -1
19 3 3 -5 2
19 3 14 -1 0
19 3 13 -2 3
19 3 13 0 -3
19 3 13 2 -2
19 3 9 -3 -2
19 3 9 4 1
19 3 9 5 1
19 3 10 -3 -5
19 3 10 5 -4
19 3 10 4 4
19 3 3 4 -5
19 1 1 -2 1
19 1 1 -1 -4
19 1 1 1 -4
19 1 1 4 -3
19 1 5 3 -3
20 0 17 0 -2
20 0 18 0 3
20 1 6 5 2
20 1 5 4 2
20 1 8 -4 2
20 1 7 -5 2
20 1 1 -5 1
20 0 7 0 5
20 0 8 0 -5
20 0 2 -4 0
20 0 1 -5 -3
20 0 3 0 -3
20 0 6 -3 0
20 3 3 -5 -1
20 3 14 -4 -4
20 3 11 -2 -5
20 3 10 -1 1
20 0 2 4 0
20 0 1 5 -3
20 3 14 4 -4
20 3 3 -4 -2
20 3 3 5 -1
20 3 3 4 -2
20 3 11 2 -5
20 3 10 0 1
20 3 10 1 1
20 3 10 1 0
20 3 10 1 -1
20 3 10 0 -1
20 3 10 -1 -1
20 3 10 -1 0
20 0 6 -3 1
20 0 6 -3 2
20 0 6 -3 3
20 0 6 -2 3
20 0 6 -1 3
20 0 6 2 3
20 0 6 1 3
20 0 6 3 3
20 0 6 3 2
20 0 6 3 1
20 0 6 3 0
20 0 6 3 -1
20 0 6 3 -2
20 0 6 3 -3
20 0 6 2 -3
20 0 6 1 -3
20 0 6 -1 -3
20 0 6 -3 -3
20 0 6 -2 -3
20 0 6 -3 -2
20 0 6 -3 -1
20 0 6 -5 0
20 0 6 -4 -3
20 0 6 -2 -4
20 0 6 2 -4
20 0 6 4 -3
20 0 6 5 0
20 0 6 4 3
20 0 6 5 3
20 0 6 2 4
20 0 6 3 4
20 0 6 5 4
20 0 6 4 4
20 0 6 -3 4
20 0 6 -2 4
20 0 6 -4 4
20 0 6 -5 4
20 0 6 -5 3
20 0 6 -4 3
20 1 1 5 1
20 1 5 -5 -5
20 1 5 5 -5
20 2 1 0 -4
21 0 7 0 -5
21 0 8 0 5
21 0 6 -2 -2
21 2 1 0 4
21 2 20 0 0
21 0 6 -3 -2
21 0 6 -3 -3
21 0 6 -2 -3
21 0 6 -2 3
21 0 6 -3 3
21 0 6 -3 2
21 0 6 -2 2
21 0 6 3 2
21 0 6 2 2
21 0 6 2 3
21 0 6 3 3
21 0 6 3 -2
21 0 6 2 -2
21 0 6 2 -3
21 0 6 3 -3
22 0 8 0 -5
22 0 7 0 0
22 0 6 -2 0
22 2 1 0 -4
22 0 6 -2 1
22 0 6 -2 2
22 0 6 -1 2
22 0 6 0 2
22 0 6 1 2
22 0 6 2 2
22 0 6 2 1
22 0 6 2 0
22 0 6 2 -1
22 0 6 2 -2
22 0 6 1 -2
22 0 6 -1 -2
22 0 6 -2 -2
22 0 6 -2 -1
22 0 6 -1 -3
22 0 6 -2 -3
22 0 6 -2 -4
22 0 6 -2 -5
22 0 6 2 -5
22 0 6 2 -4
22 0 6 2 -3
22 0 6 1 -3
22 0 6 1 -3
22 0 6 -3 0
22 0 6 -3 1
22 0 6 -3 2
22 0 6 -3 -2
22 0 6 -3 -1
22 0 6 -3 -3
22 0 6 -3 -4
22 0 6 -3 -5
22 0 6 -4 0
22 0 6 -4 1
22 0 6 -4 2
22 0 6 -4 -2
22 0 6 -4 -1
22 0 6 -4 -3
22 0 6 -4 -4
22 0 6 -4 -5
22 0 6 -5 -5
22 0 6 -5 -4
22 0 6 -5 -3
22 0 6 -5 -1
22 0 6 -5 -2
22 0 6 -5 2
22 0 6 -5 1
22 0 6 -5 0
22 0 6 5 -5
22 0 6 5 -4
22 0 6 5 -3
22 0 6 5 -1
22 0 6 5 -2
22 0 6 5 2
22 0 6 5 1
22 0 6 5 0
22 0 6 3 0
22 0 6 3 1
22 0 6 3 2
22 0 6 3 -2
22 0 6 3 -1
22 0 6 3 -3
22 0 6 3 -4
22 0 6 3 -5
22 0 6 4 -5
22 0 6 4 -4
22 0 6 4 -3
22 0 6 4 -1
22 0 6 4 -2
22 0 6 4 2
22 0 6 4 1
22 0 6 4 0
22 0 6 -2 3
22 0 6 -1 3
22 0 6 0 3
22 0 6 1 3
22 0 6 2 3
22 0 6 -3 3
22 0 6 -5 3
22 0 6 -4 3
22 0 6 4 3
22 0 6 3 3
22 0 6 5 3
22 0 6 -2 4
22 0 6 -1 4
22 0 6 0 4
22 0 6 1 4
22 0 6 2 4
22 0 6 -3 4
22 0 6 -5 4
22 0 6 -4 4
22 0 6 4 4
22 0 6 3 4
22 0 6 5 4
22 0 6 5 5
22 0 6 3 5
22 0 6 4 5
22 0 6 -4 5
22 0 6 -5 5
22 0 6 -3 5
22 0 6 2 5
22 0 6 1 5
22 0 6 0 5
22 0 6 -1 5
22 0 6 -2 5
23 2 1 -5 4
23 2 21 5 -5
23 0 7 5 5
23 0 8 -5 5
23 0 19 -4 4
23 0 19 -4 3
23 0 19 -4 2
23 0 19 -4 1
23 0 19 -3 1
23 0 19 -2 1
23 0 19 -1 1
23 0 19 -1 2
23 0 19 -1 3
23 0 19 -3 5
23 0 19 -2 5
23 0 19 -1 5
23 0 19 4 3
23 0 19 3 3
23 0 19 2 3
23 0 19 2 2
23 0 19 2 1
23 0 19 3 1
23 0 19 4 1
23 0 19 4 2
23 0 19 -4 -1
23 0 19 -2 -1
23 0 19 -3 -1
23 0 19 -1 -1
23 0 19 2 -1
23 0 19 -1 -2
23 0 19 -1 -3
23 0 19 -1 -4
23 0 19 -2 -4
23 0 19 -3 -4
23 0 19 -4 -4
23 0 19 -4 -3
23 0 19 -4 -2
23 0 19 3 -1
23 0 19 4 -1
23 0 19 1 -1
23 0 19 1 -2
23 0 19 1 -3
23 0 19 1 -4
23 0 19 1 -5
23 0 19 2 -3
23 0 19 3 -3
23 0 19 -2 3
24 0 3 0 -2
24 0 7 -4 -4
24 0 8 -5 -5
24 0 6 -1 -2
24 2 1 -4 -5
24 0 6 -2 -2
24 0 6 -2 -3
24 0 6 -1 -3
24 0 6 -1 -4
24 0 6 -2 -4
24 0 6 2 -2
24 0 6 1 -2
24 0 6 1 -3
24 0 6 2 -3
24 0 6 2 -4
24 0 6 1 -4
24 0 6 -3 -1
24 0 6 -3 -2
24 0 6 -3 -3
24 0 6 -4 -2
24 0 6 -4 -1
24 0 6 -4 0
24 0 6 -4 2
24 0 6 -4 1
24 0 6 -3 1
24 0 6 -3 0
24 0 6 -3 2
24 0 6 -3 3
24 0 6 -2 1
24 0 6 -2 0
24 0 6 -2 -1
24 0 6 -2 2
24 0 6 -2 3
24 0 6 -2 4
24 0 6 -1 3
24 0 6 -1 2
24 0 6 2 -1
24 0 6 -1 4
24 0 6 2 0
24 0 6 2 1
24 0 6 1 4
24 0 6 1 2
24 0 6 1 3
24 0 6 0 3
24 0 6 0 2
24 0 6 0 4
24 0 6 2 4
24 0 6 2 2
24 0 6 2 3
24 0 6 3 -3
24 0 6 3 -2
24 0 6 3 -1
24 0 6 3 3
24 0 6 3 2
24 0 6 3 0
24 0 6 3 1
24 0 6 4 0
24 0 6 4 -1
24 0 6 4 -2
24 0 6 4 1
24 0 6 4 2
24 0 37 0 5
25 0 6 -1 -1
25 0 3 0 -4
25 0 7 -5 -5
25 0 8 -4 -4
25 2 1 -4 -5
25 3 17 0 0
25 0 6 -1 1
25 0 6 1 1
25 0 6 1 -1
25 0 6 -3 -3
25 0 6 -2 -3
25 0 6 -2 -4
25 0 6 -1 -4
25 0 6 -3 -2
25 0 6 -4 -2
25 0 6 2 -4
25 0 6 1 -4
25 0 6 2 -3
25 0 6 3 -3
25 0 6 4 -2
25 0 6 3 -2
25 0 6 4 -1
25 0 6 4 0
25 0 6 4 2
25 0 6 4 1
25 0 6 3 2
25 0 6 -4 0
25 0 6 -4 -1
25 0 6 -4 1
25 0 6 -4 2
25 0 6 -3 2
25 0 6 -2 3
25 0 6 -3 3
25 0 6 -2 4
25 0 6 -1 4
25 0 6 3 3
25 0 6 2 3
25 0 6 1 4
25 0 6 2 4
25 0 6 0 4
25 0 36 0 -3
26 0 3 0 -2
26 0 15 -1 0
26 2 22 0 0
26 2 1 -4 -5
26 0 6 -1 -3
26 0 8 -5 -5
26 0 7 -4 -4
26 0 3 0 -3
26 0 3 0 -4
26 0 6 -2 -3
26 0 6 -3 -3
26 0 6 -1 -4
26 0 6 -2 -4
26 0 6 -2 -2
26 0 6 -3 -2
26 0 6 -4 -2
26 0 6 -3 0
26 0 6 -3 -1
26 0 6 -3 2
26 0 6 -4 2
26 0 6 -4 -1
26 0 6 -4 0
26 0 6 -3 3
26 0 6 -2 3
26 0 6 -1 3
26 0 6 0 4
26 0 6 -1 4
26 0 6 -2 4
26 0 6 -2 2
26 0 6 -3 1
26 0 6 -4 1
26 0 6 0 3
26 0 6 2 3
26 0 6 1 3
26 0 6 1 4
26 0 6 2 4
26 0 6 3 2
26 0 6 3 -1
26 0 6 3 0
26 0 6 3 3
26 0 6 3 1
26 0 6 2 2
26 0 6 4 -2
26 0 6 4 0
26 0 6 4 -1
26 0 6 4 2
26 0 6 4 1
26 0 6 1 -3
26 0 6 2 -3
26 0 6 3 -3
26 0 6 3 -2
26 0 6 2 -2
26 0 6 1 -4
26 0 6 2 -4
26 0 15 -2 0
26 0 15 -2 1
26 0 15 -2 -1
26 0 15 2 0
26 0 15 2 1
26 0 15 2 -1
26 0 15 1 -1
26 0 15 1 1
26 0 15 1 0
26 0 15 -1 -1
26 0 15 -1 -2
26 0 15 0 -1
26 0 15 1 -2
26 0 15 0 1
26 0 15 -1 1
26 0 15 -1 2
26 0 15 0 2
26 0 15 1 2
27 0 8 -4 -4
27 0 7 5 -5
27 0 6 -2 5
27 2 1 -4 -5
27 2 23 0 5
27 0 6 -2 4
27 0 6 -2 3
27 0 6 -2 2
27 0 6 -1 2
27 0 6 -1 3
27 0 6 -1 1
27 0 6 -1 0
27 0 6 -1 -2
27 0 6 -1 -1
27 0 6 -1 -3
27 0 6 -1 -4
27 0 6 -2 0
27 0 6 -2 1
27 0 6 -2 -1
27 0 6 -2 -2
27 0 6 -2 -4
27 0 6 -2 -3
27 0 6 1 3
27 0 6 1 2
27 0 6 1 0
27 0 6 1 1
27 0 6 1 -1
27 0 6 1 -2
27 0 6 1 -4
27 0 6 1 -3
27 0 6 2 5
27 0 6 2 4
27 0 6 2 2
27 0 6 2 3
27 0 6 2 -3
27 0 6 2 -4
27 0 6 2 -2
27 0 6 2 -1
27 0 6 2 1
27 0 6 2 0
27 0 6 3 0
27 0 6 3 1
27 0 6 3 -1
27 0 6 3 -2
27 0 6 3 -4
27 0 6 3 -3
27 0 6 3 3
27 0 6 3 2
27 0 6 3 4
27 0 6 3 5
27 0 6 4 5
27 0 6 4 4
27 0 6 4 2
27 0 6 4 3
27 0 6 4 -3
27 0 6 -4 -3
27 0 6 4 -2
27 0 6 4 -1
27 0 6 4 1
27 0 6 4 0
27 0 6 -3 5
27 0 6 -3 4
27 0 6 -3 2
27 0 6 -3 3
27 0 6 -3 -3
27 0 6 -3 -4
27 0 6 -3 -2
27 0 6 -3 -1
27 0 6 -3 1
27 0 6 -3 0
27 0 6 5 0
27 0 6 5 1
27 0 6 5 -1
27 0 6 5 -2
27 0 6 5 -3
27 0 6 5 3
27 0 6 5 2
27 0 6 5 4
27 0 6 5 5
27 0 6 -5 5
27 0 6 -5 4
27 0 6 -5 2
27 0 6 -5 3
27 0 6 -5 -3
27 0 6 -5 -2
27 0 6 -5 -1
27 0 6 -5 1
27 0 6 -5 0
27 0 6 -4 0
27 0 6 -4 1
27 0 6 -4 -1
27 0 6 -4 -2
27 0 6 -4 3
27 0 6 -4 2
27 0 6 -4 4
27 0 6 -4 5
28 0 6 0 0
28 0 7 -5 -5
28 0 8 5 -5
28 2 1 -4 -5
28 2 24 2 2
28 0 6 1 0
28 0 6 3 0
28 0 6 4 0
28 0 6 4 1
28 0 6 4 2
28 0 6 4 3
28 0 6 4 4
28 0 6 3 4
28 0 6 1 4
28 0 6 2 4
28 0 6 0 1
28 0 6 0 2
28 0 6 0 4
28 0 6 0 3
29 2 1 -5 -4
29 0 8 -5 -5
29 0 7 0 -5
29 0 6 -3 -5
29 0 6 -2 -5
29 0 6 -2 -4
29 0 6 -3 -4
29 0 6 -4 -3
29 0 6 -3 -3
29 0 6 -3 -2
29 0 6 -4 -2
29 0 6 -2 -2
29 0 6 -1 -2
29 0 6 -1 -3
29 0 6 -2 -3
29 0 6 -4 0
29 0 6 -3 0
29 0 6 -3 -1
29 0 6 -4 -1
29 0 6 -2 -1
29 0 6 -1 -1
29 0 6 -1 0
29 0 6 -2 0
29 0 6 -4 2
29 0 6 -3 2
29 0 6 -3 1
29 0 6 -4 1
29 0 6 -2 1
29 0 6 -1 1
29 0 6 -1 2
29 0 6 -2 2
29 0 6 -2 4
29 0 6 2 4
29 0 6 0 3
29 0 6 -2 3
29 0 6 -4 3
29 0 6 -3 3
29 0 6 -3 4
29 0 6 2 5
29 0 6 2 3
29 0 6 1 3
29 0 6 1 -3
29 0 6 1 -2
29 0 6 1 0
29 0 6 1 -1
29 0 6 1 2
29 0 6 1 1
29 0 6 3 -5
29 0 6 2 -5
29 0 6 2 -4
29 0 6 2 -2
29 0 6 2 -3
29 0 6 2 1
29 0 6 2 2
29 0 6 2 0
29 0 6 2 -1
29 0 6 3 5
29 0 6 3 4
29 0 6 3 3
29 0 6 3 -1
29 0 6 3 0
29 0 6 3 2
29 0 6 3 1
29 0 6 3 -3
29 0 6 3 -2
29 0 6 3 -4
29 0 6 4 5
29 0 6 4 4
29 0 6 4 3
29 0 6 4 -1
29 0 6 4 0
29 0 6 4 2
29 0 6 4 1
29 0 6 4 -3
29 0 6 4 -2
29 0 6 4 -4
29 0 6 4 -5
29 0 6 5 -5
29 0 6 5 -4
29 0 6 5 -2
29 0 6 5 -3
29 0 6 5 1
29 0 6 5 2
29 0 6 5 0
29 0 6 5 -1
29 0 6 5 3
29 0 6 5 4
29 0 6 5 5
29 0 6 -1 3
29 2 25 0 4
30 3 9 3 1
30 3 2 2 1
30 3 1 -1 1
30 2 1 0 -4
30 0 8 0 -5
30 0 7 0 5
30 0 6 -1 2
30 0 20 0 2
30 0 6 -1 3
30 0 6 1 2
30 0 6 1 3
30 0 6 -1 -2
30 0 6 -1 -1
30 0 6 1 -1
30 0 6 1 -2
30 0 6 -2 -1
30 0 6 -2 -2
30 0 6 -2 -4
30 0 6 -2 -3
30 0 6 -2 -5
30 0 6 -3 -2
30 0 6 -3 -1
30 0 6 -3 -3
30 0 6 -3 -4
30 0 6 -3 -5
30 0 6 -4 -2
30 0 6 -4 -1
30 0 6 -4 -3
30 0 6 -4 -4
30 0 6 -4 -5
30 0 6 -5 -5
30 0 6 -5 -4
30 0 6 -5 -3
30 0 6 -5 -1
30 0 6 -5 -2
30 0 6 5 -2
30 0 6 5 -1
30 0 6 5 -3
30 0 6 5 -4
30 0 6 5 -5
30 0 6 4 -5
30 0 6 4 -4
30 0 6 4 -3
30 0 6 4 -1
30 0 6 4 -2
30 0 6 2 -2
30 0 6 2 -1
30 0 6 2 -3
30 0 6 2 -4
30 0 6 2 -5
30 0 6 3 -5
30 0 6 3 -4
30 0 6 3 -3
30 0 6 3 -1
30 0 6 3 -2
30 0 6 3 4
30 0 6 3 5
30 0 6 3 3
30 0 6 3 2
30 0 6 2 2
30 0 6 2 3
30 0 6 2 5
30 0 6 2 4
30 0 6 4 4
30 0 6 4 5
30 0 6 4 3
30 0 6 4 2
30 0 6 5 2
30 0 6 5 3
30 0 6 5 5
30 0 6 5 4
30 0 6 -2 4
30 0 6 -2 5
30 0 6 -2 3
30 0 6 -2 2
30 0 6 -3 2
30 0 6 -3 3
30 0 6 -3 5
30 0 6 -3 4
30 0 6 -5 4
30 0 6 -5 5
30 0 6 -5 3
30 0 6 -5 2
30 0 6 -4 2
30 0 6 -4 3
30 0 6 -4 5
30 0 6 -4 4
30 3 9 -3 1
30 3 2 -2 1
30 3 1 1 1
31 2 26 5 5
31 2 27 -5 -5
31 1 1 -2 5
31 1 2 -2 2
31 1 8 -2 -2
31 1 7 2 2
31 1 6 2 -2
31 1 5 -4 -5
31 0 8 0 5
31 0 7 0 -5
31 0 6 -1 5
31 0 1 2 3
31 2 1 0 4
31 3 22 -5 4
31 3 19 -4 3
31 3 24 -2 -4
31 3 20 5 -4
31 3 13 0 -3
31 3 18 -4 -3
31 3 19 2 4
31 3 18 -5 -3
31 3 18 -4 0
31 3 13 0 -2
31 0 6 -1 4
31 0 6 -1 3
31 0 6 -2 3
31 0 6 -3 3
31 0 6 -3 1
31 0 6 -2 1
31 0 6 -1 1
31 0 6 -1 2
31 0 6 -4 1
31 0 6 -4 -1
31 0 6 -3 -1
31 0 6 -2 -1
31 0 6 -1 -1
31 0 6 -1 -2
31 0 6 -1 -3
31 0 6 -1 -4
31 0 6 -1 -5
31 0 6 -3 -2
31 0 6 -3 -3
31 0 1 -3 2
31 0 1 -5 1
31 0 1 -5 -1
31 0 1 -2 -3
31 0 6 1 -1
31 0 6 1 -5
31 0 6 1 -4
31 0 6 1 -3
31 0 6 1 -2
31 0 6 2 -1
31 0 6 3 -1
31 0 6 4 -1
31 0 6 2 -3
31 0 6 3 -3
31 0 6 1 4
31 0 6 1 3
31 0 6 1 2
31 0 6 2 1
31 0 6 1 1
31 0 6 1 5
31 0 6 3 1
31 0 6 4 1
31 0 6 3 2
31 0 6 3 3
31 0 1 5 1
31 0 1 5 -1
31 0 1 3 -2
31 1 1 -3 5
31 1 1 -3 4
31 1 1 -2 4
31 1 1 3 -4
31 1 1 2 -4
31 1 1 2 -5
31 1 1 3 -5
31 1 5 4 5
31 3 18 4 3
31 3 18 5 3
31 3 18 4 0
31 3 20 4 -3
32 1 6 5 2
32 1 2 5 -1
32 1 1 5 1
32 1 8 -5 5
32 1 7 -4 4
32 2 1 0 -5
32 2 28 4 -4
32 3 24 2 -1
32 3 18 2 2
32 3 19 -5 2
32 3 21 -3 -4
32 3 20 -3 2
32 0 2 -3 5
32 0 1 -5 3
32 0 4 -4 -3
32 0 8 -1 -5
32 0 7 5 5
32 0 6 -3 4
32 0 21 0 -4
32 1 1 4 2
32 1 1 4 -1
32 1 1 5 -2
32 1 1 -2 -1
32 1 1 -3 -1
32 1 1 -4 -1
32 1 1 -5 -1
32 1 1 -4 1
32 1 2 -2 -2
32 3 18 2 -5
32 3 21 -5 -4
32 3 20 -2 1
32 0 1 -1 3
32 0 1 1 3
32 0 1 3 1
32 0 1 3 -2
32 0 6 -3 3
32 0 6 -4 3
32 0 6 -1 4
32 0 6 -2 4
32 0 6 1 4
32 0 6 2 4
32 0 6 3 4
32 0 6 3 3
32 0 6 3 2
32 0 6 5 3
32 0 6 4 3
32 0 6 3 0
32 0 6 4 0
32 0 6 5 0
32 0 6 5 -3
32 0 6 4 -3
32 0 6 3 -3
32 0 6 3 -1
32 0 6 1 -3
32 0 6 2 -3
32 0 6 1 0
32 0 6 1 -1
32 0 6 1 -2
32 0 6 1 1
32 0 6 1 2
32 0 6 -1 2
32 0 6 -1 1
32 0 6 -1 0
32 0 6 -2 0
32 0 6 -3 0
32 0 6 -5 -3
32 0 6 -5 0
32 0 6 -4 0
32 0 6 -3 -3
32 0 6 -2 -3
32 0 6 -1 -2
32 0 6 -1 -1
32 0 6 -1 -3
32 0 6 1 -5
33 2 29 -2 3
33 1 28 4 -4
33 1 6 5 3
33 1 5 -4 2
33 1 1 0 3
33 3 13 -2 5
33 3 22 -2 0
33 3 20 -5 1
33 3 19 3 -1
33 3 18 0 -1
33 0 1 1 0
33 0 2 -5 3
33 0 8 5 5
33 0 7 -5 5
33 0 6 0 0
33 0 24 4 1
33 0 23 3 -4
33 0 6 -1 0
33 0 6 2 0
33 0 6 2 1
33 0 6 2 2
33 0 6 3 2
33 0 6 1 2
33 0 6 5 2
33 0 6 2 -1
33 0 6 2 -2
33 0 6 2 -3
33 0 6 3 -2
33 0 6 1 -2
33 0 6 5 -2
33 0 6 2 -5
33 0 6 0 -4
33 0 6 -2 -4
33 0 6 -2 -3
33 0 6 -2 -2
33 0 6 0 -2
33 0 6 -1 -2
33 0 1 0 -5
33 0 2 -2 -5
33 0 6 -4 -4
33 0 6 -4 -2
33 0 6 -3 -2
33 0 1 -5 -2
33 0 1 -3 -1
33 0 6 -3 0
33 0 6 -3 1
33 0 6 -3 2
33 0 6 -3 3
33 0 6 -4 3
33 0 6 -3 4
33 0 1 -3 5
33 0 6 -2 2
33 0 6 0 2
33 0 1 -1 2
33 0 6 1 3
33 0 6 1 4
33 0 6 4 4
33 0 6 5 4
33 0 6 3 4
33 0 1 1 5
33 0 1 2 4
33 3 13 -3 -3
33 3 22 -5 -4
33 3 20 -4 -1
33 3 20 0 5
33 3 20 1 -4
33 3 19 5 -1
33 3 19 0 -3
33 3 19 -4 -5
33 3 13 0 1
33 1 1 -1 -4
33 1 1 -5 -5
33 1 5 -1 4
33 2 1 4 5
33 3 18 3 1
33 3 18 5 1
34 0 25 -4 0
34 1 7 5 -5
34 1 8 5 5
34 1 1 0 5
34 1 5 5 -4
34 1 6 -5 -5
34 2 1 -4 5
34 3 1 -1 2
34 3 2 1 -2
34 3 22 1 2
34 3 19 5 2
34 3 18 -1 -2
34 3 24 3 -2
34 3 3 5 -2
34 3 9 3 2
34 3 20 -4 3
34 0 8 -5 5
34 0 7 0 -5
34 0 6 0 1
34 0 1 -1 1
34 0 1 -1 -1
34 0 1 1 1
34 0 1 1 -1
34 0 1 3 -1
34 0 1 3 1
34 0 1 5 1
34 0 1 5 -1
34 0 6 0 2
34 0 6 0 3
34 0 6 1 3
34 0 6 2 1
34 0 6 2 2
34 0 6 2 3
34 0 6 3 3
34 0 6 5 3
34 0 6 4 3
34 0 6 4 2
34 0 6 4 1
34 0 6 -2 1
34 0 6 -2 2
34 0 6 -2 3
34 0 6 -1 3
34 0 1 -4 2
34 0 6 -3 2
34 0 6 -5 2
34 0 6 -5 -2
34 0 6 -3 -2
34 0 1 -4 -2
34 0 6 -2 -1
34 0 6 -2 -2
34 0 6 -2 -3
34 0 6 -1 -3
34 0 6 0 -1
34 0 6 0 -2
34 0 6 0 -3
34 0 6 1 -3
34 0 6 3 -3
34 0 6 2 -3
34 0 6 2 -2
34 0 6 2 -1
34 0 6 4 -1
34 0 6 4 -2
34 0 6 4 -3
34 0 6 5 -3
34 0 6 -2 5
34 0 1 -2 4
34 0 1 -2 -4
34 0 6 -4 -4
34 0 6 -2 -5
34 0 6 2 -5
34 0 1 2 -4
34 0 1 2 4
34 0 6 2 5
34 3 22 -5 -4
34 3 19 3 -4
34 3 18 -3 -3
34 3 19 -4 -5
34 3 20 -1 4
34 3 24 1 4
34 1 1 3 5
34 1 1 4 5
34 1 1 4 4
34 1 1 4 -5
34 1 5 5 4
34 1 5 -3 5
35 0 27 -2 -3
35 2 1 0 -4
35 3 23 0 0
35 0 7 5 5
35 0 8 0 -5
35 0 6 -1 3
35 0 26 0 3
35 0 6 1 3
35 0 6 2 3
35 0 6 3 3
35 0 6 4 3
35 0 6 5 3
35 0 6 2 4
35 0 6 3 4
35 0 6 4 4
35 0 6 5 4
35 0 6 2 1
35 0 6 3 1
35 0 6 4 1
35 0 6 5 1
35 0 6 5 2
35 0 6 4 2
35 0 6 3 2
35 0 6 2 2
35 0 6 2 -1
35 0 6 3 -1
35 0 6 4 -1
35 0 6 5 -1
35 0 6 5 0
35 0 6 4 0
35 0 6 3 0
35 0 6 2 0
35 0 6 2 -2
35 0 6 3 -2
35 0 6 4 -2
35 0 6 5 -2
35 0 6 5 -3
35 0 6 4 -3
35 0 6 3 -3
35 0 6 2 -3
35 0 6 2 -5
35 0 6 3 -5
35 0 6 4 -5
35 0 6 5 -5
35 0 6 5 -4
35 0 6 4 -4
35 0 6 3 -4
35 0 6 2 -4
35 0 6 -4 3
35 0 6 -3 3
35 0 6 -2 3
35 0 6 -4 2
35 0 6 -3 2
35 0 6 -2 2
35 0 6 -2 1
35 0 6 -3 1
35 0 6 -4 1
35 0 6 -4 -3
35 0 6 -2 -2
35 0 6 -3 -2
35 0 6 -4 -2
35 0 6 -4 0
35 0 6 -3 0
35 0 6 -2 0
35 0 6 -2 -1
35 0 6 -3 -1
35 0 6 -4 -1
35 0 6 -4 -4
35 0 6 -2 -4
35 0 6 -2 -5
35 0 6 -5 5
35 0 6 -4 5
35 0 6 -3 5
35 0 6 -2 5
35 1 6 0 1
35 1 15 0 0
35 1 6 -1 1
35 1 6 1 1
35 0 12 -3 -3
35 0 12 -3 -4
35 0 12 -3 -5
35 0 12 -4 -5
35 0 12 -5 -5
35 0 12 -5 -4
35 0 12 -5 -3
35 0 12 -5 -2
35 0 12 -5 -1
35 0 12 -5 0
35 0 12 -5 1
35 0 12 -5 2
35 0 12 -5 3
35 0 12 -5 4
35 0 12 -4 4
35 0 12 -3 4
35 0 12 -2 4
36 1 1 -1 -5
36 1 6 -5 -5
36 0 1 0 4
36 0 8 5 5
36 0 7 5 -5
36 0 6 -4 1
36 3 13 1 5
36 3 18 0 1
36 3 22 -5 -3
36 3 19 -3 -5
36 3 24 -5 1
36 3 20 -5 3
36 2 1 5 4
36 2 34 -5 5
36 0 1 -4 0
36 0 1 0 -4
36 0 1 4 0
36 3 13 1 -5
36 3 22 3 -5
36 3 22 5 1
36 3 19 -3 5
36 3 24 0 -1
36 3 24 5 -1
36 3 20 -1 0
36 3 20 1 0
36 3 20 5 3
36 0 6 -4 2
36 0 6 -4 3
36 0 6 -3 4
36 0 6 -2 4
36 0 6 -1 4
36 0 6 -1 3
36 0 6 -1 2
36 0 6 -2 3
36 0 6 -3 3
36 0 6 -3 2
36 0 6 -2 2
36 0 6 -2 1
36 0 6 -3 1
36 0 6 4 1
36 0 6 1 2
36 0 6 1 3
36 0 6 2 4
36 0 6 3 4
36 0 6 1 4
36 0 6 4 3
36 0 6 4 2
36 0 6 3 3
36 0 6 2 3
36 0 6 2 2
36 0 6 3 2
36 0 6 3 1
36 0 6 2 1
36 0 6 2 -4
36 0 6 3 -4
36 0 6 3 -3
36 0 6 2 -3
36 0 6 2 -2
36 0 6 3 -2
36 0 6 4 -3
36 0 6 4 -2
36 0 6 4 -1
36 0 6 3 -1
36 0 6 2 -1
36 0 6 1 -2
36 0 6 1 -3
36 0 6 1 -4
36 0 6 -1 -4
36 0 6 -4 -3
36 0 6 -4 -2
36 0 6 -3 -1
36 0 6 -2 -1
36 0 6 -4 -1
36 0 6 -1 -2
36 0 6 -1 -3
36 0 6 -2 -2
36 0 6 -3 -2
36 0 6 -3 -3
36 0 6 -2 -3
36 0 6 -2 -4
36 0 6 -3 -4
37 1 7 -2 -1
37 1 8 -3 -1
37 1 6 1 -3
37 1 1 -3 1
37 1 2 -2 -3
37 1 3 1 1
37 1 5 -2 2
37 0 1 -3 5
37 0 2 -5 3
37 0 8 5 -5
37 0 7 -5 5
37 0 6 -3 4
37 3 20 -3 -5
37 3 24 5 -3
37 3 22 5 0
37 3 19 -5 -3
37 2 35 -5 -5
37 1 8 1 -2
37 1 8 2 -2
37 1 8 3 -2
37 1 7 1 -1
37 1 7 2 -1
37 1 7 3 -1
37 1 6 -1 -1
37 1 6 5 5
37 1 1 -2 1
37 1 1 2 1
37 1 1 3 1
37 1 1 -1 -2
37 1 1 -2 -2
37 1 1 -3 -2
37 1 1 2 -3
37 1 2 -1 -3
37 1 5 -3 2
37 1 5 -2 3
37 1 5 -1 3
37 1 1 -1 2
37 1 5 1 3
37 1 5 2 3
37 1 5 1 2
37 1 5 2 2
37 1 5 3 2
37 3 24 5 3
37 0 6 -3 3
37 0 6 -4 3
37 0 6 -4 2
37 0 6 -4 1
37 0 6 -4 0
37 0 6 -4 -1
37 0 6 -4 -2
37 0 6 -4 -3
37 0 6 -3 -3
37 0 6 -3 -4
37 0 6 -2 -4
37 0 6 -1 -4
37 0 6 0 -4
37 0 6 1 -4
37 0 6 2 -4
37 0 6 3 -4
37 0 6 3 -3
37 0 6 4 -3
37 0 6 4 -2
37 0 6 4 -2
37 0 6 3 3
37 0 6 4 3
37 0 6 4 2
37 0 6 4 1
37 0 6 4 0
37 0 6 4 -1
37 0 6 3 4
37 0 6 2 4
37 0 6 1 4
37 0 6 0 4
37 0 6 -1 4
37 0 6 -2 4
37 0 6 -1 0
37 0 6 -2 0
37 0 6 -3 0
37 0 6 3 0
37 0 6 2 0
37 0 6 1 0
37 0 6 0 -3
37 0 6 0 -2
37 0 6 0 -2
37 0 6 0 3
37 0 6 0 2
37 0 6 0 1
37 0 6 0 0
37 0 6 0 -1
37 3 19 3 5
37 2 1 5 -4
37 3 18 3 -5
37 1 16 -1 1
37 1 5 -5 0
38 3 19 -3 2
38 3 18 -5 3
38 3 22 1 -1
38 3 24 4 -1
38 3 12 1 -5
38 3 21 -5 -4
38 1 1 3 0
38 1 6 5 -5
38 1 5 0 -2
38 1 8 -1 -2
38 1 29 -4 -1
38 0 4 -4 -3
38 0 1 1 3
38 0 2 -1 1
38 0 3 -3 5
38 0 8 -5 5
38 0 7 5 5
38 0 6 -3 4
38 0 28 -4 0
38 2 1 -4 5
38 2 36 -1 4
38 3 19 -2 2
38 3 18 1 0
38 3 21 -3 -4
38 1 1 3 1
38 1 1 3 2
38 1 1 0 4
38 1 1 3 -3
38 3 18 5 0
38 0 1 3 5
38 0 2 -1 0
38 0 2 -2 0
38 0 1 5 3
38 0 6 -3 3
38 0 6 -4 3
38 0 6 -2 3
38 0 6 -1 3
38 0 6 0 3
38 0 6 0 2
38 0 6 0 1
38 0 6 0 0
38 0 6 0 -1
38 0 6 -1 -1
38 0 6 -2 -1
38 0 6 -2 -2
38 0 6 -2 -3
38 0 6 -3 -3
38 0 6 -5 -3
38 0 6 -5 1
38 0 6 -3 1
38 0 6 -2 1
38 0 6 -2 -4
38 0 6 -1 -3
38 0 6 0 -3
38 0 6 1 -3
38 0 6 2 -3
38 0 6 2 -4
38 0 6 2 -2
38 0 6 3 -2
38 0 6 4 -2
38 0 6 2 -1
38 0 6 2 0
38 0 6 2 1
38 0 6 2 2
38 0 6 2 3
38 0 1 -2 -5
38 0 1 2 -5
38 3 22 -1 -5
38 3 24 4 -4
38 3 19 3 -5
38 3 18 5 -3
38 0 1 5 -2
38 0 6 3 4
38 0 6 3 3
38 0 6 4 3
38 0 6 4 2
38 0 6 4 1
38 0 6 4 0
38 3 20 2 5
38 3 20 -2 5
39 3 20 3 0
39 3 24 4 -3
39 3 22 -1 -3
39 3 18 -3 -3
39 3 19 5 1
39 1 5 3 -5
39 1 7 5 0
39 1 8 0 -3
39 1 1 -3 -5
39 0 2 -4 -2
39 0 8 5 5
39 0 7 5 -5
39 0 6 -5 -2
39 0 1 0 2
39 0 29 0 -4
39 2 1 5 4
39 2 38 3 4
39 2 37 -5 -5
39 3 18 -4 -4
39 3 18 5 -1
39 1 1 5 3
39 0 1 -2 2
39 0 1 -4 2
39 0 1 -4 4
39 0 1 -2 4
39 0 1 0 4
39 0 1 -4 0
39 0 1 -2 0
39 0 6 -5 -4
39 0 6 -3 -2
39 0 6 -2 -2
39 0 6 -2 -3
39 0 6 -2 -5
39 0 6 -1 -2
39 0 6 0 -2
39 0 6 1 -2
39 0 6 2 -2
39 0 6 2 -3
39 0 6 2 -5
39 0 6 3 -2
39 0 6 5 -2
39 0 6 2 -1
39 0 6 2 0
39 0 6 2 1
39 0 6 2 2
39 0 6 2 3
39 0 6 2 4
39 0 6 2 5
39 0 6 3 2
39 0 6 5 2
39 0 1 0 0
39 0 1 4 2
39 0 1 4 -2
39 0 1 2 -4
39 0 1 -2 -4
39 3 24 1 -3
39 3 20 0 -5
39 0 6 4 0
40 1 7 -5 -5
40 1 8 -5 -3
40 1 6 -5 -4
40 3 20 -1 -3
40 3 25 0 5
40 3 19 3 -4
40 3 22 -2 4
40 3 24 2 4
40 3 18 -2 2
40 0 3 0 -2
40 0 2 -2 -5
40 0 1 2 -5
40 0 8 5 -5
40 0 6 -2 -3
40 3 20 1 -3
40 3 19 1 2
40 3 19 2 2
40 3 19 3 2
40 3 22 -3 4
40 3 22 -4 4
40 3 22 4 -3
40 3 24 4 4
40 3 24 3 4
40 3 18 -1 2
40 3 18 -3 2
40 0 6 -2 -4
40 0 6 -2 -2
40 0 6 -1 -2
40 0 6 -3 -1
40 0 6 -3 -2
40 0 6 -3 0
40 0 6 -4 -1
40 0 6 -4 -2
40 0 6 -4 0
40 0 6 -5 -1
40 0 6 -5 -2
40 0 6 -5 0
40 0 6 5 -1
40 0 6 5 -2
40 0 6 5 0
40 0 6 4 -1
40 0 6 4 -2
40 0 6 4 0
40 0 6 3 -1
40 0 6 3 -2
40 0 6 3 0
40 0 6 1 -2
40 0 6 2 -2
40 0 6 2 -3
40 0 6 2 -4
40 1 1 -4 -3
40 1 5 3 -3
40 0 30 0 -1
40 2 1 4 -5
40 3 24 -3 -5
41 1 2 -2 5
41 1 5 -3 -3
41 1 6 -5 -5
41 1 1 -3 -4
41 1 7 -2 -5
41 1 8 2 -5
41 0 2 -1 0
41 0 1 0 -1
41 0 8 0 5
41 0 7 0 -5
41 0 6 -1 -1
41 2 1 0 4
41 3 31 -1 2
41 1 1 -2 -4
41 1 1 -3 -5
41 1 1 2 -4
41 1 1 3 -4
41 1 1 3 -5
41 1 5 3 -3
41 1 5 -5 5
41 1 5 5 5
41 1 6 5 -5
41 0 2 1 0
41 1 2 2 5
41 0 1 0 -2
41 0 1 0 -3
41 0 1 -2 -2
41 0 1 -5 -2
41 0 1 -5 -3
41 0 1 -5 -4
41 0 1 2 -2
41 0 1 5 -2
41 0 1 5 -3
41 0 1 5 -4
41 0 1 3 2
41 0 1 -3 2
41 0 1 -5 2
41 0 1 -5 3
41 0 1 -5 4
41 0 1 5 2
41 0 1 5 3
41 0 1 5 4
41 3 31 1 2
41 0 6 -1 -2
41 0 6 -1 -3
41 0 6 -1 -4
41 0 6 -1 -5
41 0 6 1 -5
41 0 6 1 -4
41 0 6 1 -3
41 0 6 1 -2
41 0 6 1 1
41 0 6 2 1
41 0 6 2 2
41 0 6 2 3
41 0 6 1 3
41 0 6 1 4
41 0 6 1 5
41 0 6 -1 5
41 0 6 -1 3
41 0 6 -1 4
41 0 6 -2 3
41 0 6 -2 2
41 0 6 -4 2
41 0 6 -1 1
41 0 6 1 -1
41 0 6 -2 1
41 0 6 -3 -2
41 0 6 -4 -2
41 0 6 -4 -3
41 0 6 -4 3
41 0 6 -4 -4
41 0 6 -4 -5
41 0 6 4 -2
41 0 6 4 -3
41 0 6 4 -4
41 0 6 4 -5
41 0 6 3 -2
41 0 6 4 5
41 0 6 4 4
41 0 6 4 3
41 0 6 4 2
41 3 28 -3 -1
41 3 28 2 -1
41 3 29 -5 0
41 3 29 -4 -1
41 3 29 4 -1
41 3 29 5 0
41 3 26 -3 1
41 3 27 -4 4
41 0 32 -4 5
41 3 26 3 1
42 0 33 -1 -4
42 3 30 0 2
42 1 1 -4 -5
42 1 2 4 -5
42 1 3 1 5
42 1 6 -5 -3
42 1 8 -3 -5
42 0 1 -5 0
42 0 8 0 -5
42 0 7 -5 5
42 0 6 -1 0
42 2 1 -1 -5
42 3 25 0 -4
42 3 31 3 -2
42 3 29 -3 -2
42 3 27 5 2
42 3 26 5 0
42 3 28 -3 1
42 1 1 -5 -5
42 1 1 -3 -3
42 1 1 -4 -3
42 1 1 4 -4
42 1 1 3 -4
42 1 1 3 -5
42 1 1 5 -5
42 1 1 5 -4
42 1 1 5 5
42 1 1 4 4
42 1 1 3 4
42 1 1 5 4
42 1 2 4 5
42 1 1 3 5
42 0 1 -2 1
42 0 1 2 1
42 0 1 -3 3
42 3 31 5 -2
42 3 29 -5 -4
42 3 26 3 2
42 3 28 -3 4
42 0 6 1 0
42 0 6 -1 2
42 0 6 1 2
42 0 6 -1 -3
42 0 6 1 -3
42 0 6 3 -3
42 0 6 5 -3
42 0 6 3 -1
42 0 6 5 -1
42 0 6 3 3
42 0 6 5 3
42 0 6 2 5
42 0 6 2 4
42 0 6 2 3
42 0 6 2 2
42 0 6 2 0
42 0 6 2 -1
42 0 6 2 -2
42 0 6 2 -3
42 0 6 2 -4
42 0 6 2 -5
42 0 6 -2 0
42 0 6 -2 -1
42 0 6 -2 -2
42 0 6 -2 -3
42 0 6 -2 -4
42 0 6 -2 -5
42 0 6 -3 -4
42 0 6 -4 -4
42 0 6 -4 -2
42 0 6 -5 -2
42 0 6 -3 0
42 0 6 -4 0
42 0 6 -4 3
42 0 6 -5 3
42 0 6 -2 5
42 0 6 -2 4
42 0 6 -2 3
42 0 6 -2 2
42 2 39 -5 2
43 0 2 -5 2
43 0 1 -3 0
43 0 8 -5 5
43 0 7 -5 -5
43 0 6 -1 0
43 3 26 3 -1
43 3 29 -4 -3
43 3 27 -2 2
43 3 31 3 5
43 3 28 -1 5
43 3 30 0 3
43 2 1 -5 4
43 1 1 4 -2
43 1 5 5 -1
43 1 6 -2 -3
43 1 31 3 2
43 0 1 -5 -2
43 0 1 -3 3
43 0 1 -3 5
43 0 1 1 5
43 0 1 2 5
43 0 1 5 1
43 0 1 2 0
43 0 1 5 -3
43 0 1 2 -4
43 0 2 0 -5
43 3 29 4 -4
43 3 28 -4 1
43 3 28 -1 -1
43 3 30 1 2
43 1 6 -2 -4
43 1 6 -2 -5
43 1 6 0 0
43 0 6 -2 0
43 0 6 -4 0
43 0 6 -4 -1
43 0 6 -4 -2
43 0 6 -2 -2
43 0 6 -3 -2
43 0 6 -3 -3
43 0 6 -3 -4
43 0 6 -3 -5
43 0 6 0 -4
43 0 6 -1 -4
43 0 6 2 -5
43 0 6 2 -1
43 0 6 2 -2
43 0 6 2 -3
43 0 6 3 -3
43 0 6 4 -3
43 0 6 -1 -2
43 0 6 0 -2
43 0 6 1 -2
43 0 6 -1 1
43 0 6 0 1
43 0 6 1 1
43 0 6 2 1
43 0 6 3 1
43 0 6 4 1
43 0 6 4 4
43 0 6 4 3
43 0 6 4 2
43 0 6 1 3
43 0 6 1 4
43 0 6 2 4
43 0 6 -1 4
43 0 6 -3 4
43 0 6 -2 4
43 0 6 -1 3
43 0 6 -1 2
43 0 6 -4 2
43 0 6 -3 2
43 3 30 0 -3
43 1 2 5 -5
44 2 1 -4 5
44 0 4 0 -2
44 1 5 -1 0
44 0 6 -1 -1
44 0 7 -5 5
44 1 5 0 1
44 1 5 1 0
44 1 5 0 -1
44 0 6 -1 -2
44 0 6 -2 -1
44 0 6 -2 0
44 0 6 -3 0
44 0 6 -2 1
44 0 6 -1 1
44 0 6 -1 2
44 0 6 0 2
44 0 6 0 3
44 0 6 1 2
44 0 6 1 1
44 0 6 2 1
44 0 6 2 0
44 0 6 3 0
44 0 6 2 -1
44 0 6 1 -1
44 0 6 1 -2
44 1 33 0 0
44 3 32 -1 -3
44 3 32 1 -3
45 0 34 -2 -4
45 2 40 3 0
45 2 41 3 3
45 1 21 -4 -4
45 1 7 -4 3
45 1 8 -5 1
45 1 1 5 -1
45 1 6 5 -5
45 3 26 -1 3
45 3 27 -1 1
45 3 30 -1 -3
45 3 29 1 -1
45 3 31 2 -3
45 3 28 5 2
45 0 3 -4 -2
45 0 1 0 4
45 0 2 -5 0
45 0 8 -5 5
45 0 7 5 5
45 0 6 -5 4
45 2 1 -4 5
45 1 7 -5 3
45 1 8 -4 1
45 3 26 1 1
45 3 27 1 3
45 3 27 4 -2
45 3 30 -1 -5
45 3 31 2 -5
45 0 1 0 0
45 0 1 -2 -1
45 0 1 5 1
45 0 1 5 -3
45 0 1 3 -4
45 0 2 -5 2
45 0 34 1 -4
45 0 6 -4 2
45 0 6 -4 0
45 0 6 -4 4
45 0 6 -3 4
45 0 6 -2 4
45 0 6 -1 4
45 0 6 1 4
45 0 6 2 4
45 0 6 3 4
45 0 6 4 4
45 0 6 5 4
45 0 6 -2 3
45 0 6 -2 2
45 0 6 -2 1
45 0 6 -2 0
45 0 6 -1 0
45 0 6 1 0
45 0 6 2 3
45 0 6 2 2
45 0 6 2 1
45 0 6 2 0
45 0 6 3 1
45 0 6 4 1
45 0 6 4 0
45 0 6 4 -3
45 0 6 3 -3
45 0 6 3 -2
45 0 6 -2 -2
45 0 6 -1 -2
45 0 6 0 -2
45 0 6 1 -2
45 0 6 2 -2
45 0 6 -3 -2
45 0 6 -5 -2
45 0 6 -2 -3
45 0 6 -2 -5
45 0 6 1 -5
45 0 6 1 -3
45 0 6 3 -5
45 3 30 -3 0
45 3 30 -3 2
46 1 4 -3 -2
46 0 2 0 -5
46 0 1 1 -2
46 0 8 5 5
46 3 24 -1 0
46 3 22 -3 0
46 3 19 -5 0
46 3 12 -5 -2
46 3 10 -5 -4
46 3 28 -1 -2
46 3 2 -2 -5
46 3 5 -4 -5
46 3 29 3 2
46 3 27 2 -1
46 3 26 -4 2
46 2 43 0 5
46 2 1 5 4
46 2 42 2 -3
46 3 27 -4 5
46 3 26 4 -3
46 0 6 0 0
46 0 6 0 -1
46 0 6 0 -2
46 0 6 0 -3
46 0 6 0 -4
46 0 6 -1 -4
46 0 6 -2 -4
46 0 6 -4 -4
46 0 6 -3 -4
46 0 6 -4 -3
46 0 6 -4 -2
46 0 6 -4 -1
46 0 6 -3 -1
46 0 6 -2 -1
46 0 6 -2 -2
46 0 6 2 -2
46 0 6 3 -2
46 0 6 4 -2
46 0 6 3 -1
46 0 6 3 -3
46 0 6 3 -4
46 0 6 0 1
46 0 1 3 -5
46 0 1 3 0
46 0 1 5 -2
46 0 6 1 1
46 0 6 2 1
46 0 6 3 1
46 0 6 4 1
46 0 1 5 1
46 0 6 -4 1
46 0 6 -3 1
46 0 6 -2 1
46 0 6 -1 1
46 0 6 -5 1
46 0 6 -3 3
46 0 6 -3 4
46 0 6 3 4
46 0 6 -2 3
46 0 6 -1 3
46 0 6 0 3
46 0 6 1 3
46 0 6 2 3
46 0 6 3 3
46 0 6 4 3
46 0 2 3 5
46 0 1 5 3
46 0 1 -3 5
46 0 1 -3 2
46 1 7 -5 3
46 1 5 1 0
46 0 7 5 -5
46 1 5 -5 4
47 2 44 -1 4
47 0 1 1 -5
47 0 2 -2 -2
47 0 8 5 -5
47 0 7 -5 5
47 0 6 1 0
47 3 28 2 -3
47 3 27 -1 2
47 3 26 0 1
47 3 29 -3 1
47 2 1 4 -5
47 1 2 -1 -1
47 1 5 -2 -4
47 1 7 -1 -2
47 1 8 0 -2
47 1 1 0 -1
47 0 1 -3 -5
47 3 27 -5 -3
47 3 26 -1 -5
47 3 26 3 1
47 3 27 2 4
47 1 1 2 0
47 1 1 5 3
47 1 1 5 5
47 1 8 5 4
47 0 6 3 -4
47 0 6 3 -3
47 0 6 4 -3
47 0 6 5 -3
47 0 6 1 -4
47 0 6 1 -3
47 0 6 0 -3
47 0 6 -1 -3
47 0 6 -2 -3
47 0 6 -3 -3
47 0 6 -3 -4
47 0 6 -4 -3
47 0 6 -4 -2
47 0 6 -4 -1
47 0 6 -2 -1
47 0 1 -4 0
47 0 6 -2 0
47 0 6 -2 1
47 0 1 -2 2
47 0 6 -4 1
47 0 6 -4 2
47 0 6 -4 3
47 0 6 -3 3
47 0 6 -2 3
47 0 6 -3 4
47 0 2 -3 5
47 0 6 -1 3
47 0 6 0 3
47 0 6 1 3
47 0 6 1 4
47 0 1 1 5
47 0 6 3 4
47 0 6 4 4
47 3 28 3 3
47 0 6 1 2
47 0 6 1 1
47 0 6 1 -1
47 0 6 1 -2
47 0 6 3 2
47 0 6 4 2
47 0 6 5 2
47 0 1 2 2
47 0 1 5 -1
47 3 29 5 0
47 0 6 2 -1
47 0 6 3 -1
47 0 6 4 -1
47 1 7 0 -4
48 1 7 -3 -2
48 1 8 -3 -5
48 1 5 -1 -2
48 1 6 -1 -5
48 1 30 2 -4
48 0 1 -2 -3
48 0 2 5 4
48 0 8 5 -5
48 0 7 -5 -5
48 0 6 0 0
48 0 4 2 -2
48 3 26 4 -1
48 3 27 -4 3
48 3 30 -2 -4
48 3 29 -5 -1
48 3 31 1 1
48 2 1 5 -4
48 2 45 -3 4
48 1 5 2 5
48 1 5 1 5
48 1 5 3 5
48 0 1 -2 0
48 0 2 -1 4
48 0 2 -4 2
48 3 26 -2 -1
48 3 26 -5 -3
48 3 31 1 3
48 3 31 3 1
48 3 31 3 3
48 0 6 -1 0
48 0 6 -3 0
48 0 6 -4 0
48 0 6 -4 -1
48 0 6 -4 -2
48 0 6 -4 -3
48 0 6 -4 -4
48 0 6 -4 -5
48 0 6 -1 -3
48 0 6 -3 -3
48 0 6 0 1
48 0 6 0 -1
48 0 6 0 -2
48 0 6 0 -3
48 0 6 0 -4
48 0 6 0 -5
48 0 6 2 0
48 0 6 1 0
48 0 6 2 1
48 0 6 4 0
48 0 6 3 0
48 0 6 4 1
48 0 6 1 -2
48 0 6 3 -2
48 0 6 4 -2
48 0 6 4 -3
48 0 6 4 -4
48 0 6 4 -5
48 0 6 -5 2
48 0 6 -2 2
48 0 6 -3 2
48 0 6 -2 3
48 0 6 -2 4
48 0 6 -2 5
48 0 6 0 3
48 0 6 0 4
48 0 6 1 4
48 0 6 2 4
48 0 6 2 3
48 0 6 4 3
48 0 6 4 4
48 0 6 3 4
48 1 6 -4 5
48 3 28 -3 1
49 0 4 0 -3
49 0 3 -3 -5
49 0 6 -2 -4
49 0 8 -5 -5
49 2 1 -4 -5
49 3 30 -1 -2
49 3 27 -1 -4
49 3 30 1 -2
49 0 4 0 -1
49 3 27 1 -4
49 0 6 -3 -4
49 0 6 -4 -4
49 0 6 -5 -4
49 0 6 -1 -3
49 0 6 -2 -3
49 0 6 -1 -1
49 0 6 -2 -1
49 0 6 -2 -2
49 0 6 2 -1
49 0 6 1 -1
49 0 6 2 -3
49 0 6 1 -3
49 0 6 2 -2
49 0 6 5 -4
49 0 6 4 -4
49 0 6 3 -4
49 0 6 2 -4
49 0 6 -4 -2
49 0 6 -4 -1
49 0 6 -4 1
49 0 6 -4 0
49 0 6 4 -2
49 0 6 4 -1
49 0 6 4 1
49 0 6 4 0
49 0 6 -5 5
49 0 6 -4 5
49 0 6 -3 5
49 0 6 -4 4
49 0 6 -5 4
49 0 6 -5 3
49 0 6 3 5
49 0 6 4 5
49 0 6 5 5
49 0 6 4 4
49 0 6 5 4
49 0 6 5 3
49 0 35 0 0
50 2 1 0 0
50 0 6 -2 0
50 0 38 -3 2
50 0 6 -2 1
50 0 6 -2 2
50 0 6 0 2
50 0 6 -1 2
50 0 6 1 2
50 0 6 2 2
50 0 6 2 1
50 0 6 2 0
50 0 6 2 -1
50 0 6 -2 -1
50 0 6 -2 -2
50 0 6 -1 -2
50 0 6 0 -2
50 0 6 1 -2
50 0 6 2 -2
50 0 38 -4 2
50 0 38 -5 2
50 0 38 -3 1
50 0 38 -4 1
50 0 38 -5 1
50 0 38 -5 0
50 0 38 -4 0
50 0 38 -3 0
50 0 38 -3 -1
50 0 38 -4 -1
50 0 38 -5 -1
50 0 38 -5 -2
50 0 38 -4 -2
50 0 38 -3 -2
50 0 38 5 2
50 0 38 4 2
50 0 38 3 2
50 0 38 3 1
50 0 38 4 1
50 0 38 5 1
50 0 38 5 0
50 0 38 4 0
50 0 38 3 0
50 0 38 3 -1
50 0 38 4 -1
50 0 38 5 -1
50 0 38 5 -2
50 0 38 4 -2
50 0 38 3 -2
50 0 38 3 3
50 0 38 4 3
50 0 38 5 3
50 0 38 5 4
50 0 38 4 4
50 0 38 3 4
50 0 38 3 5
50 0 38 4 5
50 0 38 5 5
50 0 38 2 3
50 0 38 1 3
50 0 38 0 3
50 0 38 0 4
50 0 38 1 4
50 0 38 2 4
50 0 38 -1 4
50 0 38 -2 4
50 0 38 -2 3
50 0 38 -1 3
50 0 38 2 5
50 0 38 1 5
50 0 38 0 5
50 0 38 -2 5
50 0 38 -1 5
50 0 38 -3 5
50 0 38 -4 5
50 0 38 -5 5
50 0 38 -5 4
50 0 38 -4 4
50 0 38 -3 4
50 0 38 -3 3
50 0 38 -4 3
50 0 38 -5 3
50 0 38 2 -4
50 0 38 1 -4
50 0 38 0 -4
50 0 38 0 -5
50 0 38 1 -5
50 0 38 2 -5
50 0 38 5 -3
50 0 38 4 -3
50 0 38 3 -3
50 0 38 3 -4
50 0 38 4 -4
50 0 38 5 -4
50 0 38 5 -5
50 0 38 4 -5
50 0 38 3 -5
50 0 38 -1 -5
50 0 38 -2 -5
50 0 38 -2 -4
50 0 38 -1 -4
50 0 38 -1 -3
50 0 38 -2 -3
50 0 38 0 -3
50 0 38 1 -3
50 0 38 2 -3
50 0 38 -5 -5
50 0 38 -4 -5
50 0 38 -3 -5
50 0 38 -3 -4
50 0 38 -4 -4
50 0 38 -5 -4
50 0 38 -5 -3
50 0 38 -4 -3
50 0 38 -3 -3
50 2 46 0 1
